0.00133133 -0.000133514
-0.00037384 0.00145721
-0.00030899 0.00150299
0.00111771 0.00258636
0.00121307 0.00149536
0.00088501 0.00122833
0.00357819 0.00325775
-0.000297546 0.0016861
0.00187302 0.00178909
-0.000961304 -2.28882e-05
0.00226593 0.00298309
-0.000114441 0.000469208
0.000709534 0.00195312
0.00223923 0.00181198
0.00167847 0.00161743
0.00191116 0.00425339
0.00133133 -0.000133514
-0.00037384 0.00145721
-0.00030899 0.00150299
0.00111771 0.00258636
0.00121307 0.00149536
0.00088501 0.00122833
0.00357819 0.00325775
-0.000297546 0.0016861
0.00187302 0.00178909
-0.000961304 -2.28882e-05
0.00226593 0.00298309
-0.000114441 0.000469208
0.000709534 0.00195312
0.00223923 0.00181198
0.00167847 0.00161743
0.00191116 0.00425339
0.00259399 0.00281906
0.00164032 0.00327301
0.000946045 0.00111008
0.0020752 0.00169754
0.00230789 0.00403976
0.0559158 0.0102119
0.12019 0.0170212
0.219898 0.0357971
0.32093 0.0533867
0.421974 0.0722733
0.523651 0.0959549
0.616814 0.109081
0.713905 0.128845
0.811646 0.146088
0.908363 0.15078
1.0126 0.150005
0.00133133 -0.000133514
-0.00037384 0.00145721
-0.00030899 0.00150299
0.00111771 0.00258636
0.00121307 0.00149536
0.00088501 0.00122833
0.00357819 0.00325775
-0.000297546 0.0016861
0.00187302 0.00178909
-0.000961304 -2.28882e-05
0.00226593 0.00298309
-0.000114441 0.000469208
0.000709534 0.00195312
0.00223923 0.00181198
0.00167847 0.00161743
0.00191116 0.00425339
0.00259399 0.00281906
0.00164032 0.00327301
0.000946045 0.00111008
0.0020752 0.00169754
0.00230789 0.00403976
0.0559158 0.0102119
0.12019 0.0170212
0.219898 0.0357971
0.32093 0.0533867
0.421974 0.0722733
0.523651 0.0959549
0.616814 0.109081
0.713905 0.128845
0.811646 0.146088
0.908363 0.15078
1.0126 0.150005
1.108 0.14616
1.20568 0.13969
1.30229 0.136627
1.39829 0.128792
1.49133 0.125629
1.58425 0.121227
1.67529 0.116241
1.76334 0.114357
1.85541 0.113686
1.94505 0.11385
2.03391 0.118141
2.12197 0.119415
2.20961 0.128754
2.3019 0.139618
2.39855 0.150288
2.49453 0.16563
0.00133133 -0.000133514
-0.00037384 0.00145721
-0.00030899 0.00150299
0.00111771 0.00258636
0.00121307 0.00149536
0.00088501 0.00122833
0.00357819 0.00325775
-0.000297546 0.0016861
0.00187302 0.00178909
-0.000961304 -2.28882e-05
0.00226593 0.00298309
-0.000114441 0.000469208
0.000709534 0.00195312
0.00223923 0.00181198
0.00167847 0.00161743
0.00191116 0.00425339
0.00259399 0.00281906
0.00164032 0.00327301
0.000946045 0.00111008
0.0020752 0.00169754
0.00230789 0.00403976
0.0559158 0.0102119
0.12019 0.0170212
0.219898 0.0357971
0.32093 0.0533867
0.421974 0.0722733
0.523651 0.0959549
0.616814 0.109081
0.713905 0.128845
0.811646 0.146088
0.908363 0.15078
1.0126 0.150005
1.108 0.14616
1.20568 0.13969
1.30229 0.136627
1.39829 0.128792
1.49133 0.125629
1.58425 0.121227
1.67529 0.116241
1.76334 0.114357
1.85541 0.113686
1.94505 0.11385
2.03391 0.118141
2.12197 0.119415
2.20961 0.128754
2.3019 0.139618
2.39855 0.150288
2.49453 0.16563
2.59724 0.180634
2.69421 0.19804
2.797 0.217659
2.8976 0.232319
2.99305 0.253948
3.08486 0.272621
3.17396 0.29118
3.25621 0.304665
3.36805 0.328266
3.46698 0.337669
3.56731 0.345512
3.66729 0.347717
3.75999 0.336586
3.85925 0.312847
3.95813 0.292267
4.04589 0.2593
0.00133133 -0.000133514
-0.00037384 0.00145721
-0.00030899 0.00150299
0.00111771 0.00258636
0.00121307 0.00149536
0.00088501 0.00122833
0.00357819 0.00325775
-0.000297546 0.0016861
0.00187302 0.00178909
-0.000961304 -2.28882e-05
0.00226593 0.00298309
-0.000114441 0.000469208
0.000709534 0.00195312
0.00223923 0.00181198
0.00167847 0.00161743
0.00191116 0.00425339
0.00259399 0.00281906
0.00164032 0.00327301
0.000946045 0.00111008
0.0020752 0.00169754
0.00230789 0.00403976
0.0559158 0.0102119
0.12019 0.0170212
0.219898 0.0357971
0.32093 0.0533867
0.421974 0.0722733
0.523651 0.0959549
0.616814 0.109081
0.713905 0.128845
0.811646 0.146088
0.908363 0.15078
1.0126 0.150005
1.108 0.14616
1.20568 0.13969
1.30229 0.136627
1.39829 0.128792
1.49133 0.125629
1.58425 0.121227
1.67529 0.116241
1.76334 0.114357
1.85541 0.113686
1.94505 0.11385
2.03391 0.118141
2.12197 0.119415
2.20961 0.128754
2.3019 0.139618
2.39855 0.150288
2.49453 0.16563
2.59724 0.180634
2.69421 0.19804
2.797 0.217659
2.8976 0.232319
2.99305 0.253948
3.08486 0.272621
3.17396 0.29118
3.25621 0.304665
3.36805 0.328266
3.46698 0.337669
3.56731 0.345512
3.66729 0.347717
3.75999 0.336586
3.85925 0.312847
3.95813 0.292267
4.04589 0.2593
4.13046 0.216064
4.21439 0.176533
4.29702 0.121319
4.38156 0.0628281
4.45126 -0.00229645
4.51929 -0.067421
4.58183 -0.144009
4.6432 -0.22308
4.69589 -0.307426
4.74081 -0.390709
4.78012 -0.472931
4.80481 -0.57703
4.828 -0.673206
4.85033 -0.767441
4.86088 -0.862316
4.8666 -0.96389
0.00133133 -0.000133514
-0.00037384 0.00145721
-0.00030899 0.00150299
0.00111771 0.00258636
0.00121307 0.00149536
0.00088501 0.00122833
0.00357819 0.00325775
-0.000297546 0.0016861
0.00187302 0.00178909
-0.000961304 -2.28882e-05
0.00226593 0.00298309
-0.000114441 0.000469208
0.000709534 0.00195312
0.00223923 0.00181198
0.00167847 0.00161743
0.00191116 0.00425339
0.00259399 0.00281906
0.00164032 0.00327301
0.000946045 0.00111008
0.0020752 0.00169754
0.00230789 0.00403976
0.0559158 0.0102119
0.12019 0.0170212
0.219898 0.0357971
0.32093 0.0533867
0.421974 0.0722733
0.523651 0.0959549
0.616814 0.109081
0.713905 0.128845
0.811646 0.146088
0.908363 0.15078
1.0126 0.150005
1.108 0.14616
1.20568 0.13969
1.30229 0.136627
1.39829 0.128792
1.49133 0.125629
1.58425 0.121227
1.67529 0.116241
1.76334 0.114357
1.85541 0.113686
1.94505 0.11385
2.03391 0.118141
2.12197 0.119415
2.20961 0.128754
2.3019 0.139618
2.39855 0.150288
2.49453 0.16563
2.59724 0.180634
2.69421 0.19804
2.797 0.217659
2.8976 0.232319
2.99305 0.253948
3.08486 0.272621
3.17396 0.29118
3.25621 0.304665
3.36805 0.328266
3.46698 0.337669
3.56731 0.345512
3.66729 0.347717
3.75999 0.336586
3.85925 0.312847
3.95813 0.292267
4.04589 0.2593
4.13046 0.216064
4.21439 0.176533
4.29702 0.121319
4.38156 0.0628281
4.45126 -0.00229645
4.51929 -0.067421
4.58183 -0.144009
4.6432 -0.22308
4.69589 -0.307426
4.74081 -0.390709
4.78012 -0.472931
4.80481 -0.57703
4.828 -0.673206
4.85033 -0.767441
4.86088 -0.862316
4.8666 -0.96389
4.86705 -1.05941
4.84147 -1.15396
4.83051 -1.24172
4.80326 -1.32217
4.77087 -1.42446
4.73104 -1.51189
4.69213 -1.59844
4.63965 -1.68262
4.58942 -1.75403
4.53685 -1.82615
4.46384 -1.90595
4.38873 -1.97293
4.31854 -2.03576
4.24474 -2.08209
4.16256 -2.12486
4.08296 -2.17034
0.00133133 -0.000133514
-0.00037384 0.00145721
-0.00030899 0.00150299
0.00111771 0.00258636
0.00121307 0.00149536
0.00088501 0.00122833
0.00357819 0.00325775
-0.000297546 0.0016861
0.00187302 0.00178909
-0.000961304 -2.28882e-05
0.00226593 0.00298309
-0.000114441 0.000469208
0.000709534 0.00195312
0.00223923 0.00181198
0.00167847 0.00161743
0.00191116 0.00425339
0.00259399 0.00281906
0.00164032 0.00327301
0.000946045 0.00111008
0.0020752 0.00169754
0.00230789 0.00403976
0.0559158 0.0102119
0.12019 0.0170212
0.219898 0.0357971
0.32093 0.0533867
0.421974 0.0722733
0.523651 0.0959549
0.616814 0.109081
0.713905 0.128845
0.811646 0.146088
0.908363 0.15078
1.0126 0.150005
1.108 0.14616
1.20568 0.13969
1.30229 0.136627
1.39829 0.128792
1.49133 0.125629
1.58425 0.121227
1.67529 0.116241
1.76334 0.114357
1.85541 0.113686
1.94505 0.11385
2.03391 0.118141
2.12197 0.119415
2.20961 0.128754
2.3019 0.139618
2.39855 0.150288
2.49453 0.16563
2.59724 0.180634
2.69421 0.19804
2.797 0.217659
2.8976 0.232319
2.99305 0.253948
3.08486 0.272621
3.17396 0.29118
3.25621 0.304665
3.36805 0.328266
3.46698 0.337669
3.56731 0.345512
3.66729 0.347717
3.75999 0.336586
3.85925 0.312847
3.95813 0.292267
4.04589 0.2593
4.13046 0.216064
4.21439 0.176533
4.29702 0.121319
4.38156 0.0628281
4.45126 -0.00229645
4.51929 -0.067421
4.58183 -0.144009
4.6432 -0.22308
4.69589 -0.307426
4.74081 -0.390709
4.78012 -0.472931
4.80481 -0.57703
4.828 -0.673206
4.85033 -0.767441
4.86088 -0.862316
4.8666 -0.96389
4.86705 -1.05941
4.84147 -1.15396
4.83051 -1.24172
4.80326 -1.32217
4.77087 -1.42446
4.73104 -1.51189
4.69213 -1.59844
4.63965 -1.68262
4.58942 -1.75403
4.53685 -1.82615
4.46384 -1.90595
4.38873 -1.97293
4.31854 -2.03576
4.24474 -2.08209
4.16256 -2.12486
4.08296 -2.17034
3.99282 -2.20996
3.90775 -2.23792
3.81142 -2.26732
3.72634 -2.28621
3.6085 -2.30386
3.51056 -2.30249
3.41412 -2.30265
3.3133 -2.28749
3.22122 -2.27753
3.12228 -2.25734
3.032 -2.22386
2.9573 -2.19387
2.85341 -2.14611
2.77565 -2.08799
2.69933 -2.0333
2.62997 -1.9862
0.00133133 -0.000133514
-0.00037384 0.00145721
-0.00030899 0.00150299
0.00111771 0.00258636
0.00121307 0.00149536
0.00088501 0.00122833
0.00357819 0.00325775
-0.000297546 0.0016861
0.00187302 0.00178909
-0.000961304 -2.28882e-05
0.00226593 0.00298309
-0.000114441 0.000469208
0.000709534 0.00195312
0.00223923 0.00181198
0.00167847 0.00161743
0.00191116 0.00425339
0.00259399 0.00281906
0.00164032 0.00327301
0.000946045 0.00111008
0.0020752 0.00169754
0.00230789 0.00403976
0.0559158 0.0102119
0.12019 0.0170212
0.219898 0.0357971
0.32093 0.0533867
0.421974 0.0722733
0.523651 0.0959549
0.616814 0.109081
0.713905 0.128845
0.811646 0.146088
0.908363 0.15078
1.0126 0.150005
1.108 0.14616
1.20568 0.13969
1.30229 0.136627
1.39829 0.128792
1.49133 0.125629
1.58425 0.121227
1.67529 0.116241
1.76334 0.114357
1.85541 0.113686
1.94505 0.11385
2.03391 0.118141
2.12197 0.119415
2.20961 0.128754
2.3019 0.139618
2.39855 0.150288
2.49453 0.16563
2.59724 0.180634
2.69421 0.19804
2.797 0.217659
2.8976 0.232319
2.99305 0.253948
3.08486 0.272621
3.17396 0.29118
3.25621 0.304665
3.36805 0.328266
3.46698 0.337669
3.56731 0.345512
3.66729 0.347717
3.75999 0.336586
3.85925 0.312847
3.95813 0.292267
4.04589 0.2593
4.13046 0.216064
4.21439 0.176533
4.29702 0.121319
4.38156 0.0628281
4.45126 -0.00229645
4.51929 -0.067421
4.58183 -0.144009
4.6432 -0.22308
4.69589 -0.307426
4.74081 -0.390709
4.78012 -0.472931
4.80481 -0.57703
4.828 -0.673206
4.85033 -0.767441
4.86088 -0.862316
4.8666 -0.96389
4.86705 -1.05941
4.84147 -1.15396
4.83051 -1.24172
4.80326 -1.32217
4.77087 -1.42446
4.73104 -1.51189
4.69213 -1.59844
4.63965 -1.68262
4.58942 -1.75403
4.53685 -1.82615
4.46384 -1.90595
4.38873 -1.97293
4.31854 -2.03576
4.24474 -2.08209
4.16256 -2.12486
4.08296 -2.17034
3.99282 -2.20996
3.90775 -2.23792
3.81142 -2.26732
3.72634 -2.28621
3.6085 -2.30386
3.51056 -2.30249
3.41412 -2.30265
3.3133 -2.28749
3.22122 -2.27753
3.12228 -2.25734
3.032 -2.22386
2.9573 -2.19387
2.85341 -2.14611
2.77565 -2.08799
2.69933 -2.0333
2.62997 -1.9862
2.56744 -1.9145
2.49591 -1.84184
2.44065 -1.76576
2.38403 -1.69052
2.33915 -1.60508
2.29362 -1.52715
2.26539 -1.43633
2.23151 -1.34803
2.21336 -1.24773
2.19795 -1.16337
2.18978 -1.06667
2.18473 -0.960743
2.18923 -0.874081
2.1956 -0.777683
2.21991 -0.683769
2.24598 -0.593742
0.00133133 -0.000133514
-0.00037384 0.00145721
-0.00030899 0.00150299
0.00111771 0.00258636
0.00121307 0.00149536
0.00088501 0.00122833
0.00357819 0.00325775
-0.000297546 0.0016861
0.00187302 0.00178909
-0.000961304 -2.28882e-05
0.00226593 0.00298309
-0.000114441 0.000469208
0.000709534 0.00195312
0.00223923 0.00181198
0.00167847 0.00161743
0.00191116 0.00425339
0.00259399 0.00281906
0.00164032 0.00327301
0.000946045 0.00111008
0.0020752 0.00169754
0.00230789 0.00403976
0.0559158 0.0102119
0.12019 0.0170212
0.219898 0.0357971
0.32093 0.0533867
0.421974 0.0722733
0.523651 0.0959549
0.616814 0.109081
0.713905 0.128845
0.811646 0.146088
0.908363 0.15078
1.0126 0.150005
1.108 0.14616
1.20568 0.13969
1.30229 0.136627
1.39829 0.128792
1.49133 0.125629
1.58425 0.121227
1.67529 0.116241
1.76334 0.114357
1.85541 0.113686
1.94505 0.11385
2.03391 0.118141
2.12197 0.119415
2.20961 0.128754
2.3019 0.139618
2.39855 0.150288
2.49453 0.16563
2.59724 0.180634
2.69421 0.19804
2.797 0.217659
2.8976 0.232319
2.99305 0.253948
3.08486 0.272621
3.17396 0.29118
3.25621 0.304665
3.36805 0.328266
3.46698 0.337669
3.56731 0.345512
3.66729 0.347717
3.75999 0.336586
3.85925 0.312847
3.95813 0.292267
4.04589 0.2593
4.13046 0.216064
4.21439 0.176533
4.29702 0.121319
4.38156 0.0628281
4.45126 -0.00229645
4.51929 -0.067421
4.58183 -0.144009
4.6432 -0.22308
4.69589 -0.307426
4.74081 -0.390709
4.78012 -0.472931
4.80481 -0.57703
4.828 -0.673206
4.85033 -0.767441
4.86088 -0.862316
4.8666 -0.96389
4.86705 -1.05941
4.84147 -1.15396
4.83051 -1.24172
4.80326 -1.32217
4.77087 -1.42446
4.73104 -1.51189
4.69213 -1.59844
4.63965 -1.68262
4.58942 -1.75403
4.53685 -1.82615
4.46384 -1.90595
4.38873 -1.97293
4.31854 -2.03576
4.24474 -2.08209
4.16256 -2.12486
4.08296 -2.17034
3.99282 -2.20996
3.90775 -2.23792
3.81142 -2.26732
3.72634 -2.28621
3.6085 -2.30386
3.51056 -2.30249
3.41412 -2.30265
3.3133 -2.28749
3.22122 -2.27753
3.12228 -2.25734
3.032 -2.22386
2.9573 -2.19387
2.85341 -2.14611
2.77565 -2.08799
2.69933 -2.0333
2.62997 -1.9862
2.56744 -1.9145
2.49591 -1.84184
2.44065 -1.76576
2.38403 -1.69052
2.33915 -1.60508
2.29362 -1.52715
2.26539 -1.43633
2.23151 -1.34803
2.21336 -1.24773
2.19795 -1.16337
2.18978 -1.06667
2.18473 -0.960743
2.18923 -0.874081
2.1956 -0.777683
2.21991 -0.683769
2.24598 -0.593742
2.27745 -0.504669
2.32093 -0.400063
2.35401 -0.334068
2.41253 -0.227028
2.46299 -0.149609
2.51876 -0.0945053
2.59758 -0.0108871
2.67202 0.0515366
2.74736 0.108955
2.82526 0.159344
2.91454 0.204552
3.00031 0.252052
3.08981 0.279736
3.17799 0.296761
3.27436 0.315117
3.36432 0.335976
0.00133133 -0.000133514
-0.00037384 0.00145721
-0.00030899 0.00150299
0.00111771 0.00258636
0.00121307 0.00149536
0.00088501 0.00122833
0.00357819 0.00325775
-0.000297546 0.0016861
0.00187302 0.00178909
-0.000961304 -2.28882e-05
0.00226593 0.00298309
-0.000114441 0.000469208
0.000709534 0.00195312
0.00223923 0.00181198
0.00167847 0.00161743
0.00191116 0.00425339
0.00259399 0.00281906
0.00164032 0.00327301
0.000946045 0.00111008
0.0020752 0.00169754
0.00230789 0.00403976
0.0559158 0.0102119
0.12019 0.0170212
0.219898 0.0357971
0.32093 0.0533867
0.421974 0.0722733
0.523651 0.0959549
0.616814 0.109081
0.713905 0.128845
0.811646 0.146088
0.908363 0.15078
1.0126 0.150005
1.108 0.14616
1.20568 0.13969
1.30229 0.136627
1.39829 0.128792
1.49133 0.125629
1.58425 0.121227
1.67529 0.116241
1.76334 0.114357
1.85541 0.113686
1.94505 0.11385
2.03391 0.118141
2.12197 0.119415
2.20961 0.128754
2.3019 0.139618
2.39855 0.150288
2.49453 0.16563
2.59724 0.180634
2.69421 0.19804
2.797 0.217659
2.8976 0.232319
2.99305 0.253948
3.08486 0.272621
3.17396 0.29118
3.25621 0.304665
3.36805 0.328266
3.46698 0.337669
3.56731 0.345512
3.66729 0.347717
3.75999 0.336586
3.85925 0.312847
3.95813 0.292267
4.04589 0.2593
4.13046 0.216064
4.21439 0.176533
4.29702 0.121319
4.38156 0.0628281
4.45126 -0.00229645
4.51929 -0.067421
4.58183 -0.144009
4.6432 -0.22308
4.69589 -0.307426
4.74081 -0.390709
4.78012 -0.472931
4.80481 -0.57703
4.828 -0.673206
4.85033 -0.767441
4.86088 -0.862316
4.8666 -0.96389
4.86705 -1.05941
4.84147 -1.15396
4.83051 -1.24172
4.80326 -1.32217
4.77087 -1.42446
4.73104 -1.51189
4.69213 -1.59844
4.63965 -1.68262
4.58942 -1.75403
4.53685 -1.82615
4.46384 -1.90595
4.38873 -1.97293
4.31854 -2.03576
4.24474 -2.08209
4.16256 -2.12486
4.08296 -2.17034
3.99282 -2.20996
3.90775 -2.23792
3.81142 -2.26732
3.72634 -2.28621
3.6085 -2.30386
3.51056 -2.30249
3.41412 -2.30265
3.3133 -2.28749
3.22122 -2.27753
3.12228 -2.25734
3.032 -2.22386
2.9573 -2.19387
2.85341 -2.14611
2.77565 -2.08799
2.69933 -2.0333
2.62997 -1.9862
2.56744 -1.9145
2.49591 -1.84184
2.44065 -1.76576
2.38403 -1.69052
2.33915 -1.60508
2.29362 -1.52715
2.26539 -1.43633
2.23151 -1.34803
2.21336 -1.24773
2.19795 -1.16337
2.18978 -1.06667
2.18473 -0.960743
2.18923 -0.874081
2.1956 -0.777683
2.21991 -0.683769
2.24598 -0.593742
2.27745 -0.504669
2.32093 -0.400063
2.35401 -0.334068
2.41253 -0.227028
2.46299 -0.149609
2.51876 -0.0945053
2.59758 -0.0108871
2.67202 0.0515366
2.74736 0.108955
2.82526 0.159344
2.91454 0.204552
3.00031 0.252052
3.08981 0.279736
3.17799 0.296761
3.27436 0.315117
3.36432 0.335976
3.46384 0.341106
3.56725 0.351959
3.66641 0.343597
3.75736 0.333813
3.85088 0.31488
3.9507 0.290306
4.03877 0.255024
4.12493 0.212475
4.20573 0.162407
4.28856 0.102501
4.3667 0.044281
4.43905 -0.0172501
4.49952 -0.0900841
4.56108 -0.167107
4.61612 -0.249771
4.66054 -0.338627
0.00133133 -0.000133514
-0.00037384 0.00145721
-0.00030899 0.00150299
0.00111771 0.00258636
0.00121307 0.00149536
0.00088501 0.00122833
0.00357819 0.00325775
-0.000297546 0.0016861
0.00187302 0.00178909
-0.000961304 -2.28882e-05
0.00226593 0.00298309
-0.000114441 0.000469208
0.000709534 0.00195312
0.00223923 0.00181198
0.00167847 0.00161743
0.00191116 0.00425339
0.00259399 0.00281906
0.00164032 0.00327301
0.000946045 0.00111008
0.0020752 0.00169754
0.00230789 0.00403976
0.0559158 0.0102119
0.12019 0.0170212
0.219898 0.0357971
0.32093 0.0533867
0.421974 0.0722733
0.523651 0.0959549
0.616814 0.109081
0.713905 0.128845
0.811646 0.146088
0.908363 0.15078
1.0126 0.150005
1.108 0.14616
1.20568 0.13969
1.30229 0.136627
1.39829 0.128792
1.49133 0.125629
1.58425 0.121227
1.67529 0.116241
1.76334 0.114357
1.85541 0.113686
1.94505 0.11385
2.03391 0.118141
2.12197 0.119415
2.20961 0.128754
2.3019 0.139618
2.39855 0.150288
2.49453 0.16563
2.59724 0.180634
2.69421 0.19804
2.797 0.217659
2.8976 0.232319
2.99305 0.253948
3.08486 0.272621
3.17396 0.29118
3.25621 0.304665
3.36805 0.328266
3.46698 0.337669
3.56731 0.345512
3.66729 0.347717
3.75999 0.336586
3.85925 0.312847
3.95813 0.292267
4.04589 0.2593
4.13046 0.216064
4.21439 0.176533
4.29702 0.121319
4.38156 0.0628281
4.45126 -0.00229645
4.51929 -0.067421
4.58183 -0.144009
4.6432 -0.22308
4.69589 -0.307426
4.74081 -0.390709
4.78012 -0.472931
4.80481 -0.57703
4.828 -0.673206
4.85033 -0.767441
4.86088 -0.862316
4.8666 -0.96389
4.86705 -1.05941
4.84147 -1.15396
4.83051 -1.24172
4.80326 -1.32217
4.77087 -1.42446
4.73104 -1.51189
4.69213 -1.59844
4.63965 -1.68262
4.58942 -1.75403
4.53685 -1.82615
4.46384 -1.90595
4.38873 -1.97293
4.31854 -2.03576
4.24474 -2.08209
4.16256 -2.12486
4.08296 -2.17034
3.99282 -2.20996
3.90775 -2.23792
3.81142 -2.26732
3.72634 -2.28621
3.6085 -2.30386
3.51056 -2.30249
3.41412 -2.30265
3.3133 -2.28749
3.22122 -2.27753
3.12228 -2.25734
3.032 -2.22386
2.9573 -2.19387
2.85341 -2.14611
2.77565 -2.08799
2.69933 -2.0333
2.62997 -1.9862
2.56744 -1.9145
2.49591 -1.84184
2.44065 -1.76576
2.38403 -1.69052
2.33915 -1.60508
2.29362 -1.52715
2.26539 -1.43633
2.23151 -1.34803
2.21336 -1.24773
2.19795 -1.16337
2.18978 -1.06667
2.18473 -0.960743
2.18923 -0.874081
2.1956 -0.777683
2.21991 -0.683769
2.24598 -0.593742
2.27745 -0.504669
2.32093 -0.400063
2.35401 -0.334068
2.41253 -0.227028
2.46299 -0.149609
2.51876 -0.0945053
2.59758 -0.0108871
2.67202 0.0515366
2.74736 0.108955
2.82526 0.159344
2.91454 0.204552
3.00031 0.252052
3.08981 0.279736
3.17799 0.296761
3.27436 0.315117
3.36432 0.335976
3.46384 0.341106
3.56725 0.351959
3.66641 0.343597
3.75736 0.333813
3.85088 0.31488
3.9507 0.290306
4.03877 0.255024
4.12493 0.212475
4.20573 0.162407
4.28856 0.102501
4.3667 0.044281
4.43905 -0.0172501
4.49952 -0.0900841
4.56108 -0.167107
4.61612 -0.249771
4.66054 -0.338627
4.69527 -0.423363
4.73624 -0.508553
4.75228 -0.600918
4.7742 -0.707859
4.78303 -0.798546
4.78753 -0.8955
4.78129 -1.00007
4.77685 -1.08169
4.75015 -1.18298
4.73094 -1.27319
4.69642 -1.35661
4.65449 -1.44315
4.61095 -1.52836
4.56611 -1.60711
4.49958 -1.68618
4.43968 -1.7735
0.00133133 -0.000133514
-0.00037384 0.00145721
-0.00030899 0.00150299
0.00111771 0.00258636
0.00121307 0.00149536
0.00088501 0.00122833
0.00357819 0.00325775
-0.000297546 0.0016861
0.00187302 0.00178909
-0.000961304 -2.28882e-05
0.00226593 0.00298309
-0.000114441 0.000469208
0.000709534 0.00195312
0.00223923 0.00181198
0.00167847 0.00161743
0.00191116 0.00425339
0.00259399 0.00281906
0.00164032 0.00327301
0.000946045 0.00111008
0.0020752 0.00169754
0.00230789 0.00403976
0.0559158 0.0102119
0.12019 0.0170212
0.219898 0.0357971
0.32093 0.0533867
0.421974 0.0722733
0.523651 0.0959549
0.616814 0.109081
0.713905 0.128845
0.811646 0.146088
0.908363 0.15078
1.0126 0.150005
1.108 0.14616
1.20568 0.13969
1.30229 0.136627
1.39829 0.128792
1.49133 0.125629
1.58425 0.121227
1.67529 0.116241
1.76334 0.114357
1.85541 0.113686
1.94505 0.11385
2.03391 0.118141
2.12197 0.119415
2.20961 0.128754
2.3019 0.139618
2.39855 0.150288
2.49453 0.16563
2.59724 0.180634
2.69421 0.19804
2.797 0.217659
2.8976 0.232319
2.99305 0.253948
3.08486 0.272621
3.17396 0.29118
3.25621 0.304665
3.36805 0.328266
3.46698 0.337669
3.56731 0.345512
3.66729 0.347717
3.75999 0.336586
3.85925 0.312847
3.95813 0.292267
4.04589 0.2593
4.13046 0.216064
4.21439 0.176533
4.29702 0.121319
4.38156 0.0628281
4.45126 -0.00229645
4.51929 -0.067421
4.58183 -0.144009
4.6432 -0.22308
4.69589 -0.307426
4.74081 -0.390709
4.78012 -0.472931
4.80481 -0.57703
4.828 -0.673206
4.85033 -0.767441
4.86088 -0.862316
4.8666 -0.96389
4.86705 -1.05941
4.84147 -1.15396
4.83051 -1.24172
4.80326 -1.32217
4.77087 -1.42446
4.73104 -1.51189
4.69213 -1.59844
4.63965 -1.68262
4.58942 -1.75403
4.53685 -1.82615
4.46384 -1.90595
4.38873 -1.97293
4.31854 -2.03576
4.24474 -2.08209
4.16256 -2.12486
4.08296 -2.17034
3.99282 -2.20996
3.90775 -2.23792
3.81142 -2.26732
3.72634 -2.28621
3.6085 -2.30386
3.51056 -2.30249
3.41412 -2.30265
3.3133 -2.28749
3.22122 -2.27753
3.12228 -2.25734
3.032 -2.22386
2.9573 -2.19387
2.85341 -2.14611
2.77565 -2.08799
2.69933 -2.0333
2.62997 -1.9862
2.56744 -1.9145
2.49591 -1.84184
2.44065 -1.76576
2.38403 -1.69052
2.33915 -1.60508
2.29362 -1.52715
2.26539 -1.43633
2.23151 -1.34803
2.21336 -1.24773
2.19795 -1.16337
2.18978 -1.06667
2.18473 -0.960743
2.18923 -0.874081
2.1956 -0.777683
2.21991 -0.683769
2.24598 -0.593742
2.27745 -0.504669
2.32093 -0.400063
2.35401 -0.334068
2.41253 -0.227028
2.46299 -0.149609
2.51876 -0.0945053
2.59758 -0.0108871
2.67202 0.0515366
2.74736 0.108955
2.82526 0.159344
2.91454 0.204552
3.00031 0.252052
3.08981 0.279736
3.17799 0.296761
3.27436 0.315117
3.36432 0.335976
3.46384 0.341106
3.56725 0.351959
3.66641 0.343597
3.75736 0.333813
3.85088 0.31488
3.9507 0.290306
4.03877 0.255024
4.12493 0.212475
4.20573 0.162407
4.28856 0.102501
4.3667 0.044281
4.43905 -0.0172501
4.49952 -0.0900841
4.56108 -0.167107
4.61612 -0.249771
4.66054 -0.338627
4.69527 -0.423363
4.73624 -0.508553
4.75228 -0.600918
4.7742 -0.707859
4.78303 -0.798546
4.78753 -0.8955
4.78129 -1.00007
4.77685 -1.08169
4.75015 -1.18298
4.73094 -1.27319
4.69642 -1.35661
4.65449 -1.44315
4.61095 -1.52836
4.56611 -1.60711
4.49958 -1.68618
4.43968 -1.7735
4.36155 -1.82996
4.28102 -1.88696
4.21403 -1.93681
4.13865 -1.98943
4.05847 -2.02806
3.97457 -2.06175
3.87725 -2.08796
3.77801 -2.10147
3.68165 -2.11645
3.58292 -2.13448
3.47956 -2.14717
3.39739 -2.15845
3.28429 -2.17345
3.18546 -2.19231
3.10057 -2.21148
2.99598 -2.23001
0.00133133 -0.000133514
-0.00037384 0.00145721
-0.00030899 0.00150299
0.00111771 0.00258636
0.00121307 0.00149536
0.00088501 0.00122833
0.00357819 0.00325775
-0.000297546 0.0016861
0.00187302 0.00178909
-0.000961304 -2.28882e-05
0.00226593 0.00298309
-0.000114441 0.000469208
0.000709534 0.00195312
0.00223923 0.00181198
0.00167847 0.00161743
0.00191116 0.00425339
0.00259399 0.00281906
0.00164032 0.00327301
0.000946045 0.00111008
0.0020752 0.00169754
0.00230789 0.00403976
0.0559158 0.0102119
0.12019 0.0170212
0.219898 0.0357971
0.32093 0.0533867
0.421974 0.0722733
0.523651 0.0959549
0.616814 0.109081
0.713905 0.128845
0.811646 0.146088
0.908363 0.15078
1.0126 0.150005
1.108 0.14616
1.20568 0.13969
1.30229 0.136627
1.39829 0.128792
1.49133 0.125629
1.58425 0.121227
1.67529 0.116241
1.76334 0.114357
1.85541 0.113686
1.94505 0.11385
2.03391 0.118141
2.12197 0.119415
2.20961 0.128754
2.3019 0.139618
2.39855 0.150288
2.49453 0.16563
2.59724 0.180634
2.69421 0.19804
2.797 0.217659
2.8976 0.232319
2.99305 0.253948
3.08486 0.272621
3.17396 0.29118
3.25621 0.304665
3.36805 0.328266
3.46698 0.337669
3.56731 0.345512
3.66729 0.347717
3.75999 0.336586
3.85925 0.312847
3.95813 0.292267
4.04589 0.2593
4.13046 0.216064
4.21439 0.176533
4.29702 0.121319
4.38156 0.0628281
4.45126 -0.00229645
4.51929 -0.067421
4.58183 -0.144009
4.6432 -0.22308
4.69589 -0.307426
4.74081 -0.390709
4.78012 -0.472931
4.80481 -0.57703
4.828 -0.673206
4.85033 -0.767441
4.86088 -0.862316
4.8666 -0.96389
4.86705 -1.05941
4.84147 -1.15396
4.83051 -1.24172
4.80326 -1.32217
4.77087 -1.42446
4.73104 -1.51189
4.69213 -1.59844
4.63965 -1.68262
4.58942 -1.75403
4.53685 -1.82615
4.46384 -1.90595
4.38873 -1.97293
4.31854 -2.03576
4.24474 -2.08209
4.16256 -2.12486
4.08296 -2.17034
3.99282 -2.20996
3.90775 -2.23792
3.81142 -2.26732
3.72634 -2.28621
3.6085 -2.30386
3.51056 -2.30249
3.41412 -2.30265
3.3133 -2.28749
3.22122 -2.27753
3.12228 -2.25734
3.032 -2.22386
2.9573 -2.19387
2.85341 -2.14611
2.77565 -2.08799
2.69933 -2.0333
2.62997 -1.9862
2.56744 -1.9145
2.49591 -1.84184
2.44065 -1.76576
2.38403 -1.69052
2.33915 -1.60508
2.29362 -1.52715
2.26539 -1.43633
2.23151 -1.34803
2.21336 -1.24773
2.19795 -1.16337
2.18978 -1.06667
2.18473 -0.960743
2.18923 -0.874081
2.1956 -0.777683
2.21991 -0.683769
2.24598 -0.593742
2.27745 -0.504669
2.32093 -0.400063
2.35401 -0.334068
2.41253 -0.227028
2.46299 -0.149609
2.51876 -0.0945053
2.59758 -0.0108871
2.67202 0.0515366
2.74736 0.108955
2.82526 0.159344
2.91454 0.204552
3.00031 0.252052
3.08981 0.279736
3.17799 0.296761
3.27436 0.315117
3.36432 0.335976
3.46384 0.341106
3.56725 0.351959
3.66641 0.343597
3.75736 0.333813
3.85088 0.31488
3.9507 0.290306
4.03877 0.255024
4.12493 0.212475
4.20573 0.162407
4.28856 0.102501
4.3667 0.044281
4.43905 -0.0172501
4.49952 -0.0900841
4.56108 -0.167107
4.61612 -0.249771
4.66054 -0.338627
4.69527 -0.423363
4.73624 -0.508553
4.75228 -0.600918
4.7742 -0.707859
4.78303 -0.798546
4.78753 -0.8955
4.78129 -1.00007
4.77685 -1.08169
4.75015 -1.18298
4.73094 -1.27319
4.69642 -1.35661
4.65449 -1.44315
4.61095 -1.52836
4.56611 -1.60711
4.49958 -1.68618
4.43968 -1.7735
4.36155 -1.82996
4.28102 -1.88696
4.21403 -1.93681
4.13865 -1.98943
4.05847 -2.02806
3.97457 -2.06175
3.87725 -2.08796
3.77801 -2.10147
3.68165 -2.11645
3.58292 -2.13448
3.47956 -2.14717
3.39739 -2.15845
3.28429 -2.17345
3.18546 -2.19231
3.10057 -2.21148
2.99598 -2.23001
2.90578 -2.24893
2.80563 -2.26943
2.70975 -2.29386
2.62199 -2.31458
2.50914 -2.34609
2.42474 -2.36928
2.32153 -2.40007
2.22681 -2.41795
2.14806 -2.44117
2.04081 -2.46588
1.94918 -2.47367
1.86327 -2.48131
1.79082 -2.49211
1.69713 -2.47982
1.61005 -2.46852
1.54547 -2.43631
0.00133133 -0.000133514
-0.00037384 0.00145721
-0.00030899 0.00150299
0.00111771 0.00258636
0.00121307 0.00149536
0.00088501 0.00122833
0.00357819 0.00325775
-0.000297546 0.0016861
0.00187302 0.00178909
-0.000961304 -2.28882e-05
0.00226593 0.00298309
-0.000114441 0.000469208
0.000709534 0.00195312
0.00223923 0.00181198
0.00167847 0.00161743
0.00191116 0.00425339
0.00259399 0.00281906
0.00164032 0.00327301
0.000946045 0.00111008
0.0020752 0.00169754
0.00230789 0.00403976
0.0559158 0.0102119
0.12019 0.0170212
0.219898 0.0357971
0.32093 0.0533867
0.421974 0.0722733
0.523651 0.0959549
0.616814 0.109081
0.713905 0.128845
0.811646 0.146088
0.908363 0.15078
1.0126 0.150005
1.108 0.14616
1.20568 0.13969
1.30229 0.136627
1.39829 0.128792
1.49133 0.125629
1.58425 0.121227
1.67529 0.116241
1.76334 0.114357
1.85541 0.113686
1.94505 0.11385
2.03391 0.118141
2.12197 0.119415
2.20961 0.128754
2.3019 0.139618
2.39855 0.150288
2.49453 0.16563
2.59724 0.180634
2.69421 0.19804
2.797 0.217659
2.8976 0.232319
2.99305 0.253948
3.08486 0.272621
3.17396 0.29118
3.25621 0.304665
3.36805 0.328266
3.46698 0.337669
3.56731 0.345512
3.66729 0.347717
3.75999 0.336586
3.85925 0.312847
3.95813 0.292267
4.04589 0.2593
4.13046 0.216064
4.21439 0.176533
4.29702 0.121319
4.38156 0.0628281
4.45126 -0.00229645
4.51929 -0.067421
4.58183 -0.144009
4.6432 -0.22308
4.69589 -0.307426
4.74081 -0.390709
4.78012 -0.472931
4.80481 -0.57703
4.828 -0.673206
4.85033 -0.767441
4.86088 -0.862316
4.8666 -0.96389
4.86705 -1.05941
4.84147 -1.15396
4.83051 -1.24172
4.80326 -1.32217
4.77087 -1.42446
4.73104 -1.51189
4.69213 -1.59844
4.63965 -1.68262
4.58942 -1.75403
4.53685 -1.82615
4.46384 -1.90595
4.38873 -1.97293
4.31854 -2.03576
4.24474 -2.08209
4.16256 -2.12486
4.08296 -2.17034
3.99282 -2.20996
3.90775 -2.23792
3.81142 -2.26732
3.72634 -2.28621
3.6085 -2.30386
3.51056 -2.30249
3.41412 -2.30265
3.3133 -2.28749
3.22122 -2.27753
3.12228 -2.25734
3.032 -2.22386
2.9573 -2.19387
2.85341 -2.14611
2.77565 -2.08799
2.69933 -2.0333
2.62997 -1.9862
2.56744 -1.9145
2.49591 -1.84184
2.44065 -1.76576
2.38403 -1.69052
2.33915 -1.60508
2.29362 -1.52715
2.26539 -1.43633
2.23151 -1.34803
2.21336 -1.24773
2.19795 -1.16337
2.18978 -1.06667
2.18473 -0.960743
2.18923 -0.874081
2.1956 -0.777683
2.21991 -0.683769
2.24598 -0.593742
2.27745 -0.504669
2.32093 -0.400063
2.35401 -0.334068
2.41253 -0.227028
2.46299 -0.149609
2.51876 -0.0945053
2.59758 -0.0108871
2.67202 0.0515366
2.74736 0.108955
2.82526 0.159344
2.91454 0.204552
3.00031 0.252052
3.08981 0.279736
3.17799 0.296761
3.27436 0.315117
3.36432 0.335976
3.46384 0.341106
3.56725 0.351959
3.66641 0.343597
3.75736 0.333813
3.85088 0.31488
3.9507 0.290306
4.03877 0.255024
4.12493 0.212475
4.20573 0.162407
4.28856 0.102501
4.3667 0.044281
4.43905 -0.0172501
4.49952 -0.0900841
4.56108 -0.167107
4.61612 -0.249771
4.66054 -0.338627
4.69527 -0.423363
4.73624 -0.508553
4.75228 -0.600918
4.7742 -0.707859
4.78303 -0.798546
4.78753 -0.8955
4.78129 -1.00007
4.77685 -1.08169
4.75015 -1.18298
4.73094 -1.27319
4.69642 -1.35661
4.65449 -1.44315
4.61095 -1.52836
4.56611 -1.60711
4.49958 -1.68618
4.43968 -1.7735
4.36155 -1.82996
4.28102 -1.88696
4.21403 -1.93681
4.13865 -1.98943
4.05847 -2.02806
3.97457 -2.06175
3.87725 -2.08796
3.77801 -2.10147
3.68165 -2.11645
3.58292 -2.13448
3.47956 -2.14717
3.39739 -2.15845
3.28429 -2.17345
3.18546 -2.19231
3.10057 -2.21148
2.99598 -2.23001
2.90578 -2.24893
2.80563 -2.26943
2.70975 -2.29386
2.62199 -2.31458
2.50914 -2.34609
2.42474 -2.36928
2.32153 -2.40007
2.22681 -2.41795
2.14806 -2.44117
2.04081 -2.46588
1.94918 -2.47367
1.86327 -2.48131
1.79082 -2.49211
1.69713 -2.47982
1.61005 -2.46852
1.54547 -2.43631
1.46648 -2.40609
1.40972 -2.38623
1.36886 -2.3496
1.31596 -2.29752
1.26278 -2.25284
1.25262 -2.19719
1.22353 -2.14207
1.21585 -2.12729
1.22181 -2.13647
1.23189 -2.23048
1.22711 -2.32955
1.23113 -2.4322
1.23312 -2.53057
1.24073 -2.62701
1.23869 -2.72449
1.23781 -2.82256
0.00133133 -0.000133514
-0.00037384 0.00145721
-0.00030899 0.00150299
0.00111771 0.00258636
0.00121307 0.00149536
0.00088501 0.00122833
0.00357819 0.00325775
-0.000297546 0.0016861
0.00187302 0.00178909
-0.000961304 -2.28882e-05
0.00226593 0.00298309
-0.000114441 0.000469208
0.000709534 0.00195312
0.00223923 0.00181198
0.00167847 0.00161743
0.00191116 0.00425339
0.00259399 0.00281906
0.00164032 0.00327301
0.000946045 0.00111008
0.0020752 0.00169754
0.00230789 0.00403976
0.0559158 0.0102119
0.12019 0.0170212
0.219898 0.0357971
0.32093 0.0533867
0.421974 0.0722733
0.523651 0.0959549
0.616814 0.109081
0.713905 0.128845
0.811646 0.146088
0.908363 0.15078
1.0126 0.150005
1.108 0.14616
1.20568 0.13969
1.30229 0.136627
1.39829 0.128792
1.49133 0.125629
1.58425 0.121227
1.67529 0.116241
1.76334 0.114357
1.85541 0.113686
1.94505 0.11385
2.03391 0.118141
2.12197 0.119415
2.20961 0.128754
2.3019 0.139618
2.39855 0.150288
2.49453 0.16563
2.59724 0.180634
2.69421 0.19804
2.797 0.217659
2.8976 0.232319
2.99305 0.253948
3.08486 0.272621
3.17396 0.29118
3.25621 0.304665
3.36805 0.328266
3.46698 0.337669
3.56731 0.345512
3.66729 0.347717
3.75999 0.336586
3.85925 0.312847
3.95813 0.292267
4.04589 0.2593
4.13046 0.216064
4.21439 0.176533
4.29702 0.121319
4.38156 0.0628281
4.45126 -0.00229645
4.51929 -0.067421
4.58183 -0.144009
4.6432 -0.22308
4.69589 -0.307426
4.74081 -0.390709
4.78012 -0.472931
4.80481 -0.57703
4.828 -0.673206
4.85033 -0.767441
4.86088 -0.862316
4.8666 -0.96389
4.86705 -1.05941
4.84147 -1.15396
4.83051 -1.24172
4.80326 -1.32217
4.77087 -1.42446
4.73104 -1.51189
4.69213 -1.59844
4.63965 -1.68262
4.58942 -1.75403
4.53685 -1.82615
4.46384 -1.90595
4.38873 -1.97293
4.31854 -2.03576
4.24474 -2.08209
4.16256 -2.12486
4.08296 -2.17034
3.99282 -2.20996
3.90775 -2.23792
3.81142 -2.26732
3.72634 -2.28621
3.6085 -2.30386
3.51056 -2.30249
3.41412 -2.30265
3.3133 -2.28749
3.22122 -2.27753
3.12228 -2.25734
3.032 -2.22386
2.9573 -2.19387
2.85341 -2.14611
2.77565 -2.08799
2.69933 -2.0333
2.62997 -1.9862
2.56744 -1.9145
2.49591 -1.84184
2.44065 -1.76576
2.38403 -1.69052
2.33915 -1.60508
2.29362 -1.52715
2.26539 -1.43633
2.23151 -1.34803
2.21336 -1.24773
2.19795 -1.16337
2.18978 -1.06667
2.18473 -0.960743
2.18923 -0.874081
2.1956 -0.777683
2.21991 -0.683769
2.24598 -0.593742
2.27745 -0.504669
2.32093 -0.400063
2.35401 -0.334068
2.41253 -0.227028
2.46299 -0.149609
2.51876 -0.0945053
2.59758 -0.0108871
2.67202 0.0515366
2.74736 0.108955
2.82526 0.159344
2.91454 0.204552
3.00031 0.252052
3.08981 0.279736
3.17799 0.296761
3.27436 0.315117
3.36432 0.335976
3.46384 0.341106
3.56725 0.351959
3.66641 0.343597
3.75736 0.333813
3.85088 0.31488
3.9507 0.290306
4.03877 0.255024
4.12493 0.212475
4.20573 0.162407
4.28856 0.102501
4.3667 0.044281
4.43905 -0.0172501
4.49952 -0.0900841
4.56108 -0.167107
4.61612 -0.249771
4.66054 -0.338627
4.69527 -0.423363
4.73624 -0.508553
4.75228 -0.600918
4.7742 -0.707859
4.78303 -0.798546
4.78753 -0.8955
4.78129 -1.00007
4.77685 -1.08169
4.75015 -1.18298
4.73094 -1.27319
4.69642 -1.35661
4.65449 -1.44315
4.61095 -1.52836
4.56611 -1.60711
4.49958 -1.68618
4.43968 -1.7735
4.36155 -1.82996
4.28102 -1.88696
4.21403 -1.93681
4.13865 -1.98943
4.05847 -2.02806
3.97457 -2.06175
3.87725 -2.08796
3.77801 -2.10147
3.68165 -2.11645
3.58292 -2.13448
3.47956 -2.14717
3.39739 -2.15845
3.28429 -2.17345
3.18546 -2.19231
3.10057 -2.21148
2.99598 -2.23001
2.90578 -2.24893
2.80563 -2.26943
2.70975 -2.29386
2.62199 -2.31458
2.50914 -2.34609
2.42474 -2.36928
2.32153 -2.40007
2.22681 -2.41795
2.14806 -2.44117
2.04081 -2.46588
1.94918 -2.47367
1.86327 -2.48131
1.79082 -2.49211
1.69713 -2.47982
1.61005 -2.46852
1.54547 -2.43631
1.46648 -2.40609
1.40972 -2.38623
1.36886 -2.3496
1.31596 -2.29752
1.26278 -2.25284
1.25262 -2.19719
1.22353 -2.14207
1.21585 -2.12729
1.22181 -2.13647
1.23189 -2.23048
1.22711 -2.32955
1.23113 -2.4322
1.23312 -2.53057
1.24073 -2.62701
1.23869 -2.72449
1.23781 -2.82256
1.23413 -2.85612
1.23128 -2.85789
1.22136 -2.85837
1.20723 -2.85824
1.20176 -2.862
1.19454 -2.861
1.1948 -2.8542
1.20637 -2.75822
1.23109 -2.66379
1.25924 -2.56686
1.29363 -2.47585
1.33092 -2.38336
1.36835 -2.30048
1.41661 -2.20963
1.45252 -2.12292
1.48444 -2.04147
0.00133133 -0.000133514
-0.00037384 0.00145721
-0.00030899 0.00150299
0.00111771 0.00258636
0.00121307 0.00149536
0.00088501 0.00122833
0.00357819 0.00325775
-0.000297546 0.0016861
0.00187302 0.00178909
-0.000961304 -2.28882e-05
0.00226593 0.00298309
-0.000114441 0.000469208
0.000709534 0.00195312
0.00223923 0.00181198
0.00167847 0.00161743
0.00191116 0.00425339
0.00259399 0.00281906
0.00164032 0.00327301
0.000946045 0.00111008
0.0020752 0.00169754
0.00230789 0.00403976
0.0559158 0.0102119
0.12019 0.0170212
0.219898 0.0357971
0.32093 0.0533867
0.421974 0.0722733
0.523651 0.0959549
0.616814 0.109081
0.713905 0.128845
0.811646 0.146088
0.908363 0.15078
1.0126 0.150005
1.108 0.14616
1.20568 0.13969
1.30229 0.136627
1.39829 0.128792
1.49133 0.125629
1.58425 0.121227
1.67529 0.116241
1.76334 0.114357
1.85541 0.113686
1.94505 0.11385
2.03391 0.118141
2.12197 0.119415
2.20961 0.128754
2.3019 0.139618
2.39855 0.150288
2.49453 0.16563
2.59724 0.180634
2.69421 0.19804
2.797 0.217659
2.8976 0.232319
2.99305 0.253948
3.08486 0.272621
3.17396 0.29118
3.25621 0.304665
3.36805 0.328266
3.46698 0.337669
3.56731 0.345512
3.66729 0.347717
3.75999 0.336586
3.85925 0.312847
3.95813 0.292267
4.04589 0.2593
4.13046 0.216064
4.21439 0.176533
4.29702 0.121319
4.38156 0.0628281
4.45126 -0.00229645
4.51929 -0.067421
4.58183 -0.144009
4.6432 -0.22308
4.69589 -0.307426
4.74081 -0.390709
4.78012 -0.472931
4.80481 -0.57703
4.828 -0.673206
4.85033 -0.767441
4.86088 -0.862316
4.8666 -0.96389
4.86705 -1.05941
4.84147 -1.15396
4.83051 -1.24172
4.80326 -1.32217
4.77087 -1.42446
4.73104 -1.51189
4.69213 -1.59844
4.63965 -1.68262
4.58942 -1.75403
4.53685 -1.82615
4.46384 -1.90595
4.38873 -1.97293
4.31854 -2.03576
4.24474 -2.08209
4.16256 -2.12486
4.08296 -2.17034
3.99282 -2.20996
3.90775 -2.23792
3.81142 -2.26732
3.72634 -2.28621
3.6085 -2.30386
3.51056 -2.30249
3.41412 -2.30265
3.3133 -2.28749
3.22122 -2.27753
3.12228 -2.25734
3.032 -2.22386
2.9573 -2.19387
2.85341 -2.14611
2.77565 -2.08799
2.69933 -2.0333
2.62997 -1.9862
2.56744 -1.9145
2.49591 -1.84184
2.44065 -1.76576
2.38403 -1.69052
2.33915 -1.60508
2.29362 -1.52715
2.26539 -1.43633
2.23151 -1.34803
2.21336 -1.24773
2.19795 -1.16337
2.18978 -1.06667
2.18473 -0.960743
2.18923 -0.874081
2.1956 -0.777683
2.21991 -0.683769
2.24598 -0.593742
2.27745 -0.504669
2.32093 -0.400063
2.35401 -0.334068
2.41253 -0.227028
2.46299 -0.149609
2.51876 -0.0945053
2.59758 -0.0108871
2.67202 0.0515366
2.74736 0.108955
2.82526 0.159344
2.91454 0.204552
3.00031 0.252052
3.08981 0.279736
3.17799 0.296761
3.27436 0.315117
3.36432 0.335976
3.46384 0.341106
3.56725 0.351959
3.66641 0.343597
3.75736 0.333813
3.85088 0.31488
3.9507 0.290306
4.03877 0.255024
4.12493 0.212475
4.20573 0.162407
4.28856 0.102501
4.3667 0.044281
4.43905 -0.0172501
4.49952 -0.0900841
4.56108 -0.167107
4.61612 -0.249771
4.66054 -0.338627
4.69527 -0.423363
4.73624 -0.508553
4.75228 -0.600918
4.7742 -0.707859
4.78303 -0.798546
4.78753 -0.8955
4.78129 -1.00007
4.77685 -1.08169
4.75015 -1.18298
4.73094 -1.27319
4.69642 -1.35661
4.65449 -1.44315
4.61095 -1.52836
4.56611 -1.60711
4.49958 -1.68618
4.43968 -1.7735
4.36155 -1.82996
4.28102 -1.88696
4.21403 -1.93681
4.13865 -1.98943
4.05847 -2.02806
3.97457 -2.06175
3.87725 -2.08796
3.77801 -2.10147
3.68165 -2.11645
3.58292 -2.13448
3.47956 -2.14717
3.39739 -2.15845
3.28429 -2.17345
3.18546 -2.19231
3.10057 -2.21148
2.99598 -2.23001
2.90578 -2.24893
2.80563 -2.26943
2.70975 -2.29386
2.62199 -2.31458
2.50914 -2.34609
2.42474 -2.36928
2.32153 -2.40007
2.22681 -2.41795
2.14806 -2.44117
2.04081 -2.46588
1.94918 -2.47367
1.86327 -2.48131
1.79082 -2.49211
1.69713 -2.47982
1.61005 -2.46852
1.54547 -2.43631
1.46648 -2.40609
1.40972 -2.38623
1.36886 -2.3496
1.31596 -2.29752
1.26278 -2.25284
1.25262 -2.19719
1.22353 -2.14207
1.21585 -2.12729
1.22181 -2.13647
1.23189 -2.23048
1.22711 -2.32955
1.23113 -2.4322
1.23312 -2.53057
1.24073 -2.62701
1.23869 -2.72449
1.23781 -2.82256
1.23413 -2.85612
1.23128 -2.85789
1.22136 -2.85837
1.20723 -2.85824
1.20176 -2.862
1.19454 -2.861
1.1948 -2.8542
1.20637 -2.75822
1.23109 -2.66379
1.25924 -2.56686
1.29363 -2.47585
1.33092 -2.38336
1.36835 -2.30048
1.41661 -2.20963
1.45252 -2.12292
1.48444 -2.04147
1.53829 -1.95985
1.5837 -1.90604
1.66047 -1.83428
1.71858 -1.80114
1.79575 -1.75568
1.89339 -1.73119
1.99013 -1.71698
2.09231 -1.71219
2.19462 -1.71117
2.29728 -1.7083
2.39938 -1.70819
2.49979 -1.70609
2.60014 -1.70713
2.69938 -1.71132
2.80418 -1.71132
2.91667 -1.71422
0.00133133 -0.000133514
-0.00037384 0.00145721
-0.00030899 0.00150299
0.00111771 0.00258636
0.00121307 0.00149536
0.00088501 0.00122833
0.00357819 0.00325775
-0.000297546 0.0016861
0.00187302 0.00178909
-0.000961304 -2.28882e-05
0.00226593 0.00298309
-0.000114441 0.000469208
0.000709534 0.00195312
0.00223923 0.00181198
0.00167847 0.00161743
0.00191116 0.00425339
0.00259399 0.00281906
0.00164032 0.00327301
0.000946045 0.00111008
0.0020752 0.00169754
0.00230789 0.00403976
0.0559158 0.0102119
0.12019 0.0170212
0.219898 0.0357971
0.32093 0.0533867
0.421974 0.0722733
0.523651 0.0959549
0.616814 0.109081
0.713905 0.128845
0.811646 0.146088
0.908363 0.15078
1.0126 0.150005
1.108 0.14616
1.20568 0.13969
1.30229 0.136627
1.39829 0.128792
1.49133 0.125629
1.58425 0.121227
1.67529 0.116241
1.76334 0.114357
1.85541 0.113686
1.94505 0.11385
2.03391 0.118141
2.12197 0.119415
2.20961 0.128754
2.3019 0.139618
2.39855 0.150288
2.49453 0.16563
2.59724 0.180634
2.69421 0.19804
2.797 0.217659
2.8976 0.232319
2.99305 0.253948
3.08486 0.272621
3.17396 0.29118
3.25621 0.304665
3.36805 0.328266
3.46698 0.337669
3.56731 0.345512
3.66729 0.347717
3.75999 0.336586
3.85925 0.312847
3.95813 0.292267
4.04589 0.2593
4.13046 0.216064
4.21439 0.176533
4.29702 0.121319
4.38156 0.0628281
4.45126 -0.00229645
4.51929 -0.067421
4.58183 -0.144009
4.6432 -0.22308
4.69589 -0.307426
4.74081 -0.390709
4.78012 -0.472931
4.80481 -0.57703
4.828 -0.673206
4.85033 -0.767441
4.86088 -0.862316
4.8666 -0.96389
4.86705 -1.05941
4.84147 -1.15396
4.83051 -1.24172
4.80326 -1.32217
4.77087 -1.42446
4.73104 -1.51189
4.69213 -1.59844
4.63965 -1.68262
4.58942 -1.75403
4.53685 -1.82615
4.46384 -1.90595
4.38873 -1.97293
4.31854 -2.03576
4.24474 -2.08209
4.16256 -2.12486
4.08296 -2.17034
3.99282 -2.20996
3.90775 -2.23792
3.81142 -2.26732
3.72634 -2.28621
3.6085 -2.30386
3.51056 -2.30249
3.41412 -2.30265
3.3133 -2.28749
3.22122 -2.27753
3.12228 -2.25734
3.032 -2.22386
2.9573 -2.19387
2.85341 -2.14611
2.77565 -2.08799
2.69933 -2.0333
2.62997 -1.9862
2.56744 -1.9145
2.49591 -1.84184
2.44065 -1.76576
2.38403 -1.69052
2.33915 -1.60508
2.29362 -1.52715
2.26539 -1.43633
2.23151 -1.34803
2.21336 -1.24773
2.19795 -1.16337
2.18978 -1.06667
2.18473 -0.960743
2.18923 -0.874081
2.1956 -0.777683
2.21991 -0.683769
2.24598 -0.593742
2.27745 -0.504669
2.32093 -0.400063
2.35401 -0.334068
2.41253 -0.227028
2.46299 -0.149609
2.51876 -0.0945053
2.59758 -0.0108871
2.67202 0.0515366
2.74736 0.108955
2.82526 0.159344
2.91454 0.204552
3.00031 0.252052
3.08981 0.279736
3.17799 0.296761
3.27436 0.315117
3.36432 0.335976
3.46384 0.341106
3.56725 0.351959
3.66641 0.343597
3.75736 0.333813
3.85088 0.31488
3.9507 0.290306
4.03877 0.255024
4.12493 0.212475
4.20573 0.162407
4.28856 0.102501
4.3667 0.044281
4.43905 -0.0172501
4.49952 -0.0900841
4.56108 -0.167107
4.61612 -0.249771
4.66054 -0.338627
4.69527 -0.423363
4.73624 -0.508553
4.75228 -0.600918
4.7742 -0.707859
4.78303 -0.798546
4.78753 -0.8955
4.78129 -1.00007
4.77685 -1.08169
4.75015 -1.18298
4.73094 -1.27319
4.69642 -1.35661
4.65449 -1.44315
4.61095 -1.52836
4.56611 -1.60711
4.49958 -1.68618
4.43968 -1.7735
4.36155 -1.82996
4.28102 -1.88696
4.21403 -1.93681
4.13865 -1.98943
4.05847 -2.02806
3.97457 -2.06175
3.87725 -2.08796
3.77801 -2.10147
3.68165 -2.11645
3.58292 -2.13448
3.47956 -2.14717
3.39739 -2.15845
3.28429 -2.17345
3.18546 -2.19231
3.10057 -2.21148
2.99598 -2.23001
2.90578 -2.24893
2.80563 -2.26943
2.70975 -2.29386
2.62199 -2.31458
2.50914 -2.34609
2.42474 -2.36928
2.32153 -2.40007
2.22681 -2.41795
2.14806 -2.44117
2.04081 -2.46588
1.94918 -2.47367
1.86327 -2.48131
1.79082 -2.49211
1.69713 -2.47982
1.61005 -2.46852
1.54547 -2.43631
1.46648 -2.40609
1.40972 -2.38623
1.36886 -2.3496
1.31596 -2.29752
1.26278 -2.25284
1.25262 -2.19719
1.22353 -2.14207
1.21585 -2.12729
1.22181 -2.13647
1.23189 -2.23048
1.22711 -2.32955
1.23113 -2.4322
1.23312 -2.53057
1.24073 -2.62701
1.23869 -2.72449
1.23781 -2.82256
1.23413 -2.85612
1.23128 -2.85789
1.22136 -2.85837
1.20723 -2.85824
1.20176 -2.862
1.19454 -2.861
1.1948 -2.8542
1.20637 -2.75822
1.23109 -2.66379
1.25924 -2.56686
1.29363 -2.47585
1.33092 -2.38336
1.36835 -2.30048
1.41661 -2.20963
1.45252 -2.12292
1.48444 -2.04147
1.53829 -1.95985
1.5837 -1.90604
1.66047 -1.83428
1.71858 -1.80114
1.79575 -1.75568
1.89339 -1.73119
1.99013 -1.71698
2.09231 -1.71219
2.19462 -1.71117
2.29728 -1.7083
2.39938 -1.70819
2.49979 -1.70609
2.60014 -1.70713
2.69938 -1.71132
2.80418 -1.71132
2.91667 -1.71422
3.00579 -1.71923
3.10905 -1.72227
3.21188 -1.7268
3.31728 -1.73259
3.4176 -1.74302
3.52071 -1.74986
3.61501 -1.76012
3.72073 -1.77002
3.81958 -1.77913
3.9231 -1.78899
4.02258 -1.80291
4.12182 -1.81805
4.20905 -1.83502
4.29768 -1.85294
4.37026 -1.8675
4.4348 -1.88379
0.00133133 -0.000133514
-0.00037384 0.00145721
-0.00030899 0.00150299
0.00111771 0.00258636
0.00121307 0.00149536
0.00088501 0.00122833
0.00357819 0.00325775
-0.000297546 0.0016861
0.00187302 0.00178909
-0.000961304 -2.28882e-05
0.00226593 0.00298309
-0.000114441 0.000469208
0.000709534 0.00195312
0.00223923 0.00181198
0.00167847 0.00161743
0.00191116 0.00425339
0.00259399 0.00281906
0.00164032 0.00327301
0.000946045 0.00111008
0.0020752 0.00169754
0.00230789 0.00403976
0.0559158 0.0102119
0.12019 0.0170212
0.219898 0.0357971
0.32093 0.0533867
0.421974 0.0722733
0.523651 0.0959549
0.616814 0.109081
0.713905 0.128845
0.811646 0.146088
0.908363 0.15078
1.0126 0.150005
1.108 0.14616
1.20568 0.13969
1.30229 0.136627
1.39829 0.128792
1.49133 0.125629
1.58425 0.121227
1.67529 0.116241
1.76334 0.114357
1.85541 0.113686
1.94505 0.11385
2.03391 0.118141
2.12197 0.119415
2.20961 0.128754
2.3019 0.139618
2.39855 0.150288
2.49453 0.16563
2.59724 0.180634
2.69421 0.19804
2.797 0.217659
2.8976 0.232319
2.99305 0.253948
3.08486 0.272621
3.17396 0.29118
3.25621 0.304665
3.36805 0.328266
3.46698 0.337669
3.56731 0.345512
3.66729 0.347717
3.75999 0.336586
3.85925 0.312847
3.95813 0.292267
4.04589 0.2593
4.13046 0.216064
4.21439 0.176533
4.29702 0.121319
4.38156 0.0628281
4.45126 -0.00229645
4.51929 -0.067421
4.58183 -0.144009
4.6432 -0.22308
4.69589 -0.307426
4.74081 -0.390709
4.78012 -0.472931
4.80481 -0.57703
4.828 -0.673206
4.85033 -0.767441
4.86088 -0.862316
4.8666 -0.96389
4.86705 -1.05941
4.84147 -1.15396
4.83051 -1.24172
4.80326 -1.32217
4.77087 -1.42446
4.73104 -1.51189
4.69213 -1.59844
4.63965 -1.68262
4.58942 -1.75403
4.53685 -1.82615
4.46384 -1.90595
4.38873 -1.97293
4.31854 -2.03576
4.24474 -2.08209
4.16256 -2.12486
4.08296 -2.17034
3.99282 -2.20996
3.90775 -2.23792
3.81142 -2.26732
3.72634 -2.28621
3.6085 -2.30386
3.51056 -2.30249
3.41412 -2.30265
3.3133 -2.28749
3.22122 -2.27753
3.12228 -2.25734
3.032 -2.22386
2.9573 -2.19387
2.85341 -2.14611
2.77565 -2.08799
2.69933 -2.0333
2.62997 -1.9862
2.56744 -1.9145
2.49591 -1.84184
2.44065 -1.76576
2.38403 -1.69052
2.33915 -1.60508
2.29362 -1.52715
2.26539 -1.43633
2.23151 -1.34803
2.21336 -1.24773
2.19795 -1.16337
2.18978 -1.06667
2.18473 -0.960743
2.18923 -0.874081
2.1956 -0.777683
2.21991 -0.683769
2.24598 -0.593742
2.27745 -0.504669
2.32093 -0.400063
2.35401 -0.334068
2.41253 -0.227028
2.46299 -0.149609
2.51876 -0.0945053
2.59758 -0.0108871
2.67202 0.0515366
2.74736 0.108955
2.82526 0.159344
2.91454 0.204552
3.00031 0.252052
3.08981 0.279736
3.17799 0.296761
3.27436 0.315117
3.36432 0.335976
3.46384 0.341106
3.56725 0.351959
3.66641 0.343597
3.75736 0.333813
3.85088 0.31488
3.9507 0.290306
4.03877 0.255024
4.12493 0.212475
4.20573 0.162407
4.28856 0.102501
4.3667 0.044281
4.43905 -0.0172501
4.49952 -0.0900841
4.56108 -0.167107
4.61612 -0.249771
4.66054 -0.338627
4.69527 -0.423363
4.73624 -0.508553
4.75228 -0.600918
4.7742 -0.707859
4.78303 -0.798546
4.78753 -0.8955
4.78129 -1.00007
4.77685 -1.08169
4.75015 -1.18298
4.73094 -1.27319
4.69642 -1.35661
4.65449 -1.44315
4.61095 -1.52836
4.56611 -1.60711
4.49958 -1.68618
4.43968 -1.7735
4.36155 -1.82996
4.28102 -1.88696
4.21403 -1.93681
4.13865 -1.98943
4.05847 -2.02806
3.97457 -2.06175
3.87725 -2.08796
3.77801 -2.10147
3.68165 -2.11645
3.58292 -2.13448
3.47956 -2.14717
3.39739 -2.15845
3.28429 -2.17345
3.18546 -2.19231
3.10057 -2.21148
2.99598 -2.23001
2.90578 -2.24893
2.80563 -2.26943
2.70975 -2.29386
2.62199 -2.31458
2.50914 -2.34609
2.42474 -2.36928
2.32153 -2.40007
2.22681 -2.41795
2.14806 -2.44117
2.04081 -2.46588
1.94918 -2.47367
1.86327 -2.48131
1.79082 -2.49211
1.69713 -2.47982
1.61005 -2.46852
1.54547 -2.43631
1.46648 -2.40609
1.40972 -2.38623
1.36886 -2.3496
1.31596 -2.29752
1.26278 -2.25284
1.25262 -2.19719
1.22353 -2.14207
1.21585 -2.12729
1.22181 -2.13647
1.23189 -2.23048
1.22711 -2.32955
1.23113 -2.4322
1.23312 -2.53057
1.24073 -2.62701
1.23869 -2.72449
1.23781 -2.82256
1.23413 -2.85612
1.23128 -2.85789
1.22136 -2.85837
1.20723 -2.85824
1.20176 -2.862
1.19454 -2.861
1.1948 -2.8542
1.20637 -2.75822
1.23109 -2.66379
1.25924 -2.56686
1.29363 -2.47585
1.33092 -2.38336
1.36835 -2.30048
1.41661 -2.20963
1.45252 -2.12292
1.48444 -2.04147
1.53829 -1.95985
1.5837 -1.90604
1.66047 -1.83428
1.71858 -1.80114
1.79575 -1.75568
1.89339 -1.73119
1.99013 -1.71698
2.09231 -1.71219
2.19462 -1.71117
2.29728 -1.7083
2.39938 -1.70819
2.49979 -1.70609
2.60014 -1.70713
2.69938 -1.71132
2.80418 -1.71132
2.91667 -1.71422
3.00579 -1.71923
3.10905 -1.72227
3.21188 -1.7268
3.31728 -1.73259
3.4176 -1.74302
3.52071 -1.74986
3.61501 -1.76012
3.72073 -1.77002
3.81958 -1.77913
3.9231 -1.78899
4.02258 -1.80291
4.12182 -1.81805
4.20905 -1.83502
4.29768 -1.85294
4.37026 -1.8675
4.4348 -1.88379
4.48271 -1.90172
4.53895 -1.9008
4.60247 -1.90714
4.64998 -1.91241
4.70306 -1.90568
4.75004 -1.87539
4.81092 -1.8516
4.85905 -1.82545
4.89912 -1.78001
4.93862 -1.7384
4.97572 -1.70071
4.98942 -1.6468
5.01426 -1.60001
5.02952 -1.54078
5.02235 -1.48749
5.02691 -1.42594
0.00133133 -0.000133514
-0.00037384 0.00145721
-0.00030899 0.00150299
0.00111771 0.00258636
0.00121307 0.00149536
0.00088501 0.00122833
0.00357819 0.00325775
-0.000297546 0.0016861
0.00187302 0.00178909
-0.000961304 -2.28882e-05
0.00226593 0.00298309
-0.000114441 0.000469208
0.000709534 0.00195312
0.00223923 0.00181198
0.00167847 0.00161743
0.00191116 0.00425339
0.00259399 0.00281906
0.00164032 0.00327301
0.000946045 0.00111008
0.0020752 0.00169754
0.00230789 0.00403976
0.0559158 0.0102119
0.12019 0.0170212
0.219898 0.0357971
0.32093 0.0533867
0.421974 0.0722733
0.523651 0.0959549
0.616814 0.109081
0.713905 0.128845
0.811646 0.146088
0.908363 0.15078
1.0126 0.150005
1.108 0.14616
1.20568 0.13969
1.30229 0.136627
1.39829 0.128792
1.49133 0.125629
1.58425 0.121227
1.67529 0.116241
1.76334 0.114357
1.85541 0.113686
1.94505 0.11385
2.03391 0.118141
2.12197 0.119415
2.20961 0.128754
2.3019 0.139618
2.39855 0.150288
2.49453 0.16563
2.59724 0.180634
2.69421 0.19804
2.797 0.217659
2.8976 0.232319
2.99305 0.253948
3.08486 0.272621
3.17396 0.29118
3.25621 0.304665
3.36805 0.328266
3.46698 0.337669
3.56731 0.345512
3.66729 0.347717
3.75999 0.336586
3.85925 0.312847
3.95813 0.292267
4.04589 0.2593
4.13046 0.216064
4.21439 0.176533
4.29702 0.121319
4.38156 0.0628281
4.45126 -0.00229645
4.51929 -0.067421
4.58183 -0.144009
4.6432 -0.22308
4.69589 -0.307426
4.74081 -0.390709
4.78012 -0.472931
4.80481 -0.57703
4.828 -0.673206
4.85033 -0.767441
4.86088 -0.862316
4.8666 -0.96389
4.86705 -1.05941
4.84147 -1.15396
4.83051 -1.24172
4.80326 -1.32217
4.77087 -1.42446
4.73104 -1.51189
4.69213 -1.59844
4.63965 -1.68262
4.58942 -1.75403
4.53685 -1.82615
4.46384 -1.90595
4.38873 -1.97293
4.31854 -2.03576
4.24474 -2.08209
4.16256 -2.12486
4.08296 -2.17034
3.99282 -2.20996
3.90775 -2.23792
3.81142 -2.26732
3.72634 -2.28621
3.6085 -2.30386
3.51056 -2.30249
3.41412 -2.30265
3.3133 -2.28749
3.22122 -2.27753
3.12228 -2.25734
3.032 -2.22386
2.9573 -2.19387
2.85341 -2.14611
2.77565 -2.08799
2.69933 -2.0333
2.62997 -1.9862
2.56744 -1.9145
2.49591 -1.84184
2.44065 -1.76576
2.38403 -1.69052
2.33915 -1.60508
2.29362 -1.52715
2.26539 -1.43633
2.23151 -1.34803
2.21336 -1.24773
2.19795 -1.16337
2.18978 -1.06667
2.18473 -0.960743
2.18923 -0.874081
2.1956 -0.777683
2.21991 -0.683769
2.24598 -0.593742
2.27745 -0.504669
2.32093 -0.400063
2.35401 -0.334068
2.41253 -0.227028
2.46299 -0.149609
2.51876 -0.0945053
2.59758 -0.0108871
2.67202 0.0515366
2.74736 0.108955
2.82526 0.159344
2.91454 0.204552
3.00031 0.252052
3.08981 0.279736
3.17799 0.296761
3.27436 0.315117
3.36432 0.335976
3.46384 0.341106
3.56725 0.351959
3.66641 0.343597
3.75736 0.333813
3.85088 0.31488
3.9507 0.290306
4.03877 0.255024
4.12493 0.212475
4.20573 0.162407
4.28856 0.102501
4.3667 0.044281
4.43905 -0.0172501
4.49952 -0.0900841
4.56108 -0.167107
4.61612 -0.249771
4.66054 -0.338627
4.69527 -0.423363
4.73624 -0.508553
4.75228 -0.600918
4.7742 -0.707859
4.78303 -0.798546
4.78753 -0.8955
4.78129 -1.00007
4.77685 -1.08169
4.75015 -1.18298
4.73094 -1.27319
4.69642 -1.35661
4.65449 -1.44315
4.61095 -1.52836
4.56611 -1.60711
4.49958 -1.68618
4.43968 -1.7735
4.36155 -1.82996
4.28102 -1.88696
4.21403 -1.93681
4.13865 -1.98943
4.05847 -2.02806
3.97457 -2.06175
3.87725 -2.08796
3.77801 -2.10147
3.68165 -2.11645
3.58292 -2.13448
3.47956 -2.14717
3.39739 -2.15845
3.28429 -2.17345
3.18546 -2.19231
3.10057 -2.21148
2.99598 -2.23001
2.90578 -2.24893
2.80563 -2.26943
2.70975 -2.29386
2.62199 -2.31458
2.50914 -2.34609
2.42474 -2.36928
2.32153 -2.40007
2.22681 -2.41795
2.14806 -2.44117
2.04081 -2.46588
1.94918 -2.47367
1.86327 -2.48131
1.79082 -2.49211
1.69713 -2.47982
1.61005 -2.46852
1.54547 -2.43631
1.46648 -2.40609
1.40972 -2.38623
1.36886 -2.3496
1.31596 -2.29752
1.26278 -2.25284
1.25262 -2.19719
1.22353 -2.14207
1.21585 -2.12729
1.22181 -2.13647
1.23189 -2.23048
1.22711 -2.32955
1.23113 -2.4322
1.23312 -2.53057
1.24073 -2.62701
1.23869 -2.72449
1.23781 -2.82256
1.23413 -2.85612
1.23128 -2.85789
1.22136 -2.85837
1.20723 -2.85824
1.20176 -2.862
1.19454 -2.861
1.1948 -2.8542
1.20637 -2.75822
1.23109 -2.66379
1.25924 -2.56686
1.29363 -2.47585
1.33092 -2.38336
1.36835 -2.30048
1.41661 -2.20963
1.45252 -2.12292
1.48444 -2.04147
1.53829 -1.95985
1.5837 -1.90604
1.66047 -1.83428
1.71858 -1.80114
1.79575 -1.75568
1.89339 -1.73119
1.99013 -1.71698
2.09231 -1.71219
2.19462 -1.71117
2.29728 -1.7083
2.39938 -1.70819
2.49979 -1.70609
2.60014 -1.70713
2.69938 -1.71132
2.80418 -1.71132
2.91667 -1.71422
3.00579 -1.71923
3.10905 -1.72227
3.21188 -1.7268
3.31728 -1.73259
3.4176 -1.74302
3.52071 -1.74986
3.61501 -1.76012
3.72073 -1.77002
3.81958 -1.77913
3.9231 -1.78899
4.02258 -1.80291
4.12182 -1.81805
4.20905 -1.83502
4.29768 -1.85294
4.37026 -1.8675
4.4348 -1.88379
4.48271 -1.90172
4.53895 -1.9008
4.60247 -1.90714
4.64998 -1.91241
4.70306 -1.90568
4.75004 -1.87539
4.81092 -1.8516
4.85905 -1.82545
4.89912 -1.78001
4.93862 -1.7384
4.97572 -1.70071
4.98942 -1.6468
5.01426 -1.60001
5.02952 -1.54078
5.02235 -1.48749
5.02691 -1.42594
5.01313 -1.38128
5.00541 -1.31986
4.98702 -1.27278
4.95898 -1.22518
4.91995 -1.1736
4.86884 -1.14669
4.80745 -1.11416
4.76493 -1.08433
4.68761 -1.07642
4.58846 -1.07787
4.49993 -1.0772
4.39418 -1.07862
4.29638 -1.08385
4.1883 -1.08879
4.09476 -1.09261
3.99267 -1.09625
0.00133133 -0.000133514
-0.00037384 0.00145721
-0.00030899 0.00150299
0.00111771 0.00258636
0.00121307 0.00149536
0.00088501 0.00122833
0.00357819 0.00325775
-0.000297546 0.0016861
0.00187302 0.00178909
-0.000961304 -2.28882e-05
0.00226593 0.00298309
-0.000114441 0.000469208
0.000709534 0.00195312
0.00223923 0.00181198
0.00167847 0.00161743
0.00191116 0.00425339
0.00259399 0.00281906
0.00164032 0.00327301
0.000946045 0.00111008
0.0020752 0.00169754
0.00230789 0.00403976
0.0559158 0.0102119
0.12019 0.0170212
0.219898 0.0357971
0.32093 0.0533867
0.421974 0.0722733
0.523651 0.0959549
0.616814 0.109081
0.713905 0.128845
0.811646 0.146088
0.908363 0.15078
1.0126 0.150005
1.108 0.14616
1.20568 0.13969
1.30229 0.136627
1.39829 0.128792
1.49133 0.125629
1.58425 0.121227
1.67529 0.116241
1.76334 0.114357
1.85541 0.113686
1.94505 0.11385
2.03391 0.118141
2.12197 0.119415
2.20961 0.128754
2.3019 0.139618
2.39855 0.150288
2.49453 0.16563
2.59724 0.180634
2.69421 0.19804
2.797 0.217659
2.8976 0.232319
2.99305 0.253948
3.08486 0.272621
3.17396 0.29118
3.25621 0.304665
3.36805 0.328266
3.46698 0.337669
3.56731 0.345512
3.66729 0.347717
3.75999 0.336586
3.85925 0.312847
3.95813 0.292267
4.04589 0.2593
4.13046 0.216064
4.21439 0.176533
4.29702 0.121319
4.38156 0.0628281
4.45126 -0.00229645
4.51929 -0.067421
4.58183 -0.144009
4.6432 -0.22308
4.69589 -0.307426
4.74081 -0.390709
4.78012 -0.472931
4.80481 -0.57703
4.828 -0.673206
4.85033 -0.767441
4.86088 -0.862316
4.8666 -0.96389
4.86705 -1.05941
4.84147 -1.15396
4.83051 -1.24172
4.80326 -1.32217
4.77087 -1.42446
4.73104 -1.51189
4.69213 -1.59844
4.63965 -1.68262
4.58942 -1.75403
4.53685 -1.82615
4.46384 -1.90595
4.38873 -1.97293
4.31854 -2.03576
4.24474 -2.08209
4.16256 -2.12486
4.08296 -2.17034
3.99282 -2.20996
3.90775 -2.23792
3.81142 -2.26732
3.72634 -2.28621
3.6085 -2.30386
3.51056 -2.30249
3.41412 -2.30265
3.3133 -2.28749
3.22122 -2.27753
3.12228 -2.25734
3.032 -2.22386
2.9573 -2.19387
2.85341 -2.14611
2.77565 -2.08799
2.69933 -2.0333
2.62997 -1.9862
2.56744 -1.9145
2.49591 -1.84184
2.44065 -1.76576
2.38403 -1.69052
2.33915 -1.60508
2.29362 -1.52715
2.26539 -1.43633
2.23151 -1.34803
2.21336 -1.24773
2.19795 -1.16337
2.18978 -1.06667
2.18473 -0.960743
2.18923 -0.874081
2.1956 -0.777683
2.21991 -0.683769
2.24598 -0.593742
2.27745 -0.504669
2.32093 -0.400063
2.35401 -0.334068
2.41253 -0.227028
2.46299 -0.149609
2.51876 -0.0945053
2.59758 -0.0108871
2.67202 0.0515366
2.74736 0.108955
2.82526 0.159344
2.91454 0.204552
3.00031 0.252052
3.08981 0.279736
3.17799 0.296761
3.27436 0.315117
3.36432 0.335976
3.46384 0.341106
3.56725 0.351959
3.66641 0.343597
3.75736 0.333813
3.85088 0.31488
3.9507 0.290306
4.03877 0.255024
4.12493 0.212475
4.20573 0.162407
4.28856 0.102501
4.3667 0.044281
4.43905 -0.0172501
4.49952 -0.0900841
4.56108 -0.167107
4.61612 -0.249771
4.66054 -0.338627
4.69527 -0.423363
4.73624 -0.508553
4.75228 -0.600918
4.7742 -0.707859
4.78303 -0.798546
4.78753 -0.8955
4.78129 -1.00007
4.77685 -1.08169
4.75015 -1.18298
4.73094 -1.27319
4.69642 -1.35661
4.65449 -1.44315
4.61095 -1.52836
4.56611 -1.60711
4.49958 -1.68618
4.43968 -1.7735
4.36155 -1.82996
4.28102 -1.88696
4.21403 -1.93681
4.13865 -1.98943
4.05847 -2.02806
3.97457 -2.06175
3.87725 -2.08796
3.77801 -2.10147
3.68165 -2.11645
3.58292 -2.13448
3.47956 -2.14717
3.39739 -2.15845
3.28429 -2.17345
3.18546 -2.19231
3.10057 -2.21148
2.99598 -2.23001
2.90578 -2.24893
2.80563 -2.26943
2.70975 -2.29386
2.62199 -2.31458
2.50914 -2.34609
2.42474 -2.36928
2.32153 -2.40007
2.22681 -2.41795
2.14806 -2.44117
2.04081 -2.46588
1.94918 -2.47367
1.86327 -2.48131
1.79082 -2.49211
1.69713 -2.47982
1.61005 -2.46852
1.54547 -2.43631
1.46648 -2.40609
1.40972 -2.38623
1.36886 -2.3496
1.31596 -2.29752
1.26278 -2.25284
1.25262 -2.19719
1.22353 -2.14207
1.21585 -2.12729
1.22181 -2.13647
1.23189 -2.23048
1.22711 -2.32955
1.23113 -2.4322
1.23312 -2.53057
1.24073 -2.62701
1.23869 -2.72449
1.23781 -2.82256
1.23413 -2.85612
1.23128 -2.85789
1.22136 -2.85837
1.20723 -2.85824
1.20176 -2.862
1.19454 -2.861
1.1948 -2.8542
1.20637 -2.75822
1.23109 -2.66379
1.25924 -2.56686
1.29363 -2.47585
1.33092 -2.38336
1.36835 -2.30048
1.41661 -2.20963
1.45252 -2.12292
1.48444 -2.04147
1.53829 -1.95985
1.5837 -1.90604
1.66047 -1.83428
1.71858 -1.80114
1.79575 -1.75568
1.89339 -1.73119
1.99013 -1.71698
2.09231 -1.71219
2.19462 -1.71117
2.29728 -1.7083
2.39938 -1.70819
2.49979 -1.70609
2.60014 -1.70713
2.69938 -1.71132
2.80418 -1.71132
2.91667 -1.71422
3.00579 -1.71923
3.10905 -1.72227
3.21188 -1.7268
3.31728 -1.73259
3.4176 -1.74302
3.52071 -1.74986
3.61501 -1.76012
3.72073 -1.77002
3.81958 -1.77913
3.9231 -1.78899
4.02258 -1.80291
4.12182 -1.81805
4.20905 -1.83502
4.29768 -1.85294
4.37026 -1.8675
4.4348 -1.88379
4.48271 -1.90172
4.53895 -1.9008
4.60247 -1.90714
4.64998 -1.91241
4.70306 -1.90568
4.75004 -1.87539
4.81092 -1.8516
4.85905 -1.82545
4.89912 -1.78001
4.93862 -1.7384
4.97572 -1.70071
4.98942 -1.6468
5.01426 -1.60001
5.02952 -1.54078
5.02235 -1.48749
5.02691 -1.42594
5.01313 -1.38128
5.00541 -1.31986
4.98702 -1.27278
4.95898 -1.22518
4.91995 -1.1736
4.86884 -1.14669
4.80745 -1.11416
4.76493 -1.08433
4.68761 -1.07642
4.58846 -1.07787
4.49993 -1.0772
4.39418 -1.07862
4.29638 -1.08385
4.1883 -1.08879
4.09476 -1.09261
3.99267 -1.09625
3.87691 -1.10431
3.80061 -1.10966
3.70234 -1.11698
3.60344 -1.12526
3.50336 -1.12817
3.40388 -1.1358
3.29649 -1.14042
3.19846 -1.13533
3.09615 -1.13176
2.99421 -1.12299
2.89117 -1.11871
2.8088 -1.10464
2.70345 -1.08978
2.60683 -1.07368
2.50419 -1.05332
2.4091 -1.03546
0.00133133 -0.000133514
-0.00037384 0.00145721
-0.00030899 0.00150299
0.00111771 0.00258636
0.00121307 0.00149536
0.00088501 0.00122833
0.00357819 0.00325775
-0.000297546 0.0016861
0.00187302 0.00178909
-0.000961304 -2.28882e-05
0.00226593 0.00298309
-0.000114441 0.000469208
0.000709534 0.00195312
0.00223923 0.00181198
0.00167847 0.00161743
0.00191116 0.00425339
0.00259399 0.00281906
0.00164032 0.00327301
0.000946045 0.00111008
0.0020752 0.00169754
0.00230789 0.00403976
0.0559158 0.0102119
0.12019 0.0170212
0.219898 0.0357971
0.32093 0.0533867
0.421974 0.0722733
0.523651 0.0959549
0.616814 0.109081
0.713905 0.128845
0.811646 0.146088
0.908363 0.15078
1.0126 0.150005
1.108 0.14616
1.20568 0.13969
1.30229 0.136627
1.39829 0.128792
1.49133 0.125629
1.58425 0.121227
1.67529 0.116241
1.76334 0.114357
1.85541 0.113686
1.94505 0.11385
2.03391 0.118141
2.12197 0.119415
2.20961 0.128754
2.3019 0.139618
2.39855 0.150288
2.49453 0.16563
2.59724 0.180634
2.69421 0.19804
2.797 0.217659
2.8976 0.232319
2.99305 0.253948
3.08486 0.272621
3.17396 0.29118
3.25621 0.304665
3.36805 0.328266
3.46698 0.337669
3.56731 0.345512
3.66729 0.347717
3.75999 0.336586
3.85925 0.312847
3.95813 0.292267
4.04589 0.2593
4.13046 0.216064
4.21439 0.176533
4.29702 0.121319
4.38156 0.0628281
4.45126 -0.00229645
4.51929 -0.067421
4.58183 -0.144009
4.6432 -0.22308
4.69589 -0.307426
4.74081 -0.390709
4.78012 -0.472931
4.80481 -0.57703
4.828 -0.673206
4.85033 -0.767441
4.86088 -0.862316
4.8666 -0.96389
4.86705 -1.05941
4.84147 -1.15396
4.83051 -1.24172
4.80326 -1.32217
4.77087 -1.42446
4.73104 -1.51189
4.69213 -1.59844
4.63965 -1.68262
4.58942 -1.75403
4.53685 -1.82615
4.46384 -1.90595
4.38873 -1.97293
4.31854 -2.03576
4.24474 -2.08209
4.16256 -2.12486
4.08296 -2.17034
3.99282 -2.20996
3.90775 -2.23792
3.81142 -2.26732
3.72634 -2.28621
3.6085 -2.30386
3.51056 -2.30249
3.41412 -2.30265
3.3133 -2.28749
3.22122 -2.27753
3.12228 -2.25734
3.032 -2.22386
2.9573 -2.19387
2.85341 -2.14611
2.77565 -2.08799
2.69933 -2.0333
2.62997 -1.9862
2.56744 -1.9145
2.49591 -1.84184
2.44065 -1.76576
2.38403 -1.69052
2.33915 -1.60508
2.29362 -1.52715
2.26539 -1.43633
2.23151 -1.34803
2.21336 -1.24773
2.19795 -1.16337
2.18978 -1.06667
2.18473 -0.960743
2.18923 -0.874081
2.1956 -0.777683
2.21991 -0.683769
2.24598 -0.593742
2.27745 -0.504669
2.32093 -0.400063
2.35401 -0.334068
2.41253 -0.227028
2.46299 -0.149609
2.51876 -0.0945053
2.59758 -0.0108871
2.67202 0.0515366
2.74736 0.108955
2.82526 0.159344
2.91454 0.204552
3.00031 0.252052
3.08981 0.279736
3.17799 0.296761
3.27436 0.315117
3.36432 0.335976
3.46384 0.341106
3.56725 0.351959
3.66641 0.343597
3.75736 0.333813
3.85088 0.31488
3.9507 0.290306
4.03877 0.255024
4.12493 0.212475
4.20573 0.162407
4.28856 0.102501
4.3667 0.044281
4.43905 -0.0172501
4.49952 -0.0900841
4.56108 -0.167107
4.61612 -0.249771
4.66054 -0.338627
4.69527 -0.423363
4.73624 -0.508553
4.75228 -0.600918
4.7742 -0.707859
4.78303 -0.798546
4.78753 -0.8955
4.78129 -1.00007
4.77685 -1.08169
4.75015 -1.18298
4.73094 -1.27319
4.69642 -1.35661
4.65449 -1.44315
4.61095 -1.52836
4.56611 -1.60711
4.49958 -1.68618
4.43968 -1.7735
4.36155 -1.82996
4.28102 -1.88696
4.21403 -1.93681
4.13865 -1.98943
4.05847 -2.02806
3.97457 -2.06175
3.87725 -2.08796
3.77801 -2.10147
3.68165 -2.11645
3.58292 -2.13448
3.47956 -2.14717
3.39739 -2.15845
3.28429 -2.17345
3.18546 -2.19231
3.10057 -2.21148
2.99598 -2.23001
2.90578 -2.24893
2.80563 -2.26943
2.70975 -2.29386
2.62199 -2.31458
2.50914 -2.34609
2.42474 -2.36928
2.32153 -2.40007
2.22681 -2.41795
2.14806 -2.44117
2.04081 -2.46588
1.94918 -2.47367
1.86327 -2.48131
1.79082 -2.49211
1.69713 -2.47982
1.61005 -2.46852
1.54547 -2.43631
1.46648 -2.40609
1.40972 -2.38623
1.36886 -2.3496
1.31596 -2.29752
1.26278 -2.25284
1.25262 -2.19719
1.22353 -2.14207
1.21585 -2.12729
1.22181 -2.13647
1.23189 -2.23048
1.22711 -2.32955
1.23113 -2.4322
1.23312 -2.53057
1.24073 -2.62701
1.23869 -2.72449
1.23781 -2.82256
1.23413 -2.85612
1.23128 -2.85789
1.22136 -2.85837
1.20723 -2.85824
1.20176 -2.862
1.19454 -2.861
1.1948 -2.8542
1.20637 -2.75822
1.23109 -2.66379
1.25924 -2.56686
1.29363 -2.47585
1.33092 -2.38336
1.36835 -2.30048
1.41661 -2.20963
1.45252 -2.12292
1.48444 -2.04147
1.53829 -1.95985
1.5837 -1.90604
1.66047 -1.83428
1.71858 -1.80114
1.79575 -1.75568
1.89339 -1.73119
1.99013 -1.71698
2.09231 -1.71219
2.19462 -1.71117
2.29728 -1.7083
2.39938 -1.70819
2.49979 -1.70609
2.60014 -1.70713
2.69938 -1.71132
2.80418 -1.71132
2.91667 -1.71422
3.00579 -1.71923
3.10905 -1.72227
3.21188 -1.7268
3.31728 -1.73259
3.4176 -1.74302
3.52071 -1.74986
3.61501 -1.76012
3.72073 -1.77002
3.81958 -1.77913
3.9231 -1.78899
4.02258 -1.80291
4.12182 -1.81805
4.20905 -1.83502
4.29768 -1.85294
4.37026 -1.8675
4.4348 -1.88379
4.48271 -1.90172
4.53895 -1.9008
4.60247 -1.90714
4.64998 -1.91241
4.70306 -1.90568
4.75004 -1.87539
4.81092 -1.8516
4.85905 -1.82545
4.89912 -1.78001
4.93862 -1.7384
4.97572 -1.70071
4.98942 -1.6468
5.01426 -1.60001
5.02952 -1.54078
5.02235 -1.48749
5.02691 -1.42594
5.01313 -1.38128
5.00541 -1.31986
4.98702 -1.27278
4.95898 -1.22518
4.91995 -1.1736
4.86884 -1.14669
4.80745 -1.11416
4.76493 -1.08433
4.68761 -1.07642
4.58846 -1.07787
4.49993 -1.0772
4.39418 -1.07862
4.29638 -1.08385
4.1883 -1.08879
4.09476 -1.09261
3.99267 -1.09625
3.87691 -1.10431
3.80061 -1.10966
3.70234 -1.11698
3.60344 -1.12526
3.50336 -1.12817
3.40388 -1.1358
3.29649 -1.14042
3.19846 -1.13533
3.09615 -1.13176
2.99421 -1.12299
2.89117 -1.11871
2.8088 -1.10464
2.70345 -1.08978
2.60683 -1.07368
2.50419 -1.05332
2.4091 -1.03546
2.30571 -1.01277
2.21311 -0.989792
2.11439 -0.969021
2.01149 -0.948814
1.91201 -0.92588
1.81776 -0.90554
1.71456 -0.881096
1.62823 -0.861267
1.53161 -0.83226
1.42641 -0.812916
1.31198 -0.786633
1.22297 -0.765278
1.14174 -0.74733
1.04076 -0.723503
0.981285 -0.704159
0.985962 -0.701851
0.00133133 -0.000133514
-0.00037384 0.00145721
-0.00030899 0.00150299
0.00111771 0.00258636
0.00121307 0.00149536
0.00088501 0.00122833
0.00357819 0.00325775
-0.000297546 0.0016861
0.00187302 0.00178909
-0.000961304 -2.28882e-05
0.00226593 0.00298309
-0.000114441 0.000469208
0.000709534 0.00195312
0.00223923 0.00181198
0.00167847 0.00161743
0.00191116 0.00425339
0.00259399 0.00281906
0.00164032 0.00327301
0.000946045 0.00111008
0.0020752 0.00169754
0.00230789 0.00403976
0.0559158 0.0102119
0.12019 0.0170212
0.219898 0.0357971
0.32093 0.0533867
0.421974 0.0722733
0.523651 0.0959549
0.616814 0.109081
0.713905 0.128845
0.811646 0.146088
0.908363 0.15078
1.0126 0.150005
1.108 0.14616
1.20568 0.13969
1.30229 0.136627
1.39829 0.128792
1.49133 0.125629
1.58425 0.121227
1.67529 0.116241
1.76334 0.114357
1.85541 0.113686
1.94505 0.11385
2.03391 0.118141
2.12197 0.119415
2.20961 0.128754
2.3019 0.139618
2.39855 0.150288
2.49453 0.16563
2.59724 0.180634
2.69421 0.19804
2.797 0.217659
2.8976 0.232319
2.99305 0.253948
3.08486 0.272621
3.17396 0.29118
3.25621 0.304665
3.36805 0.328266
3.46698 0.337669
3.56731 0.345512
3.66729 0.347717
3.75999 0.336586
3.85925 0.312847
3.95813 0.292267
4.04589 0.2593
4.13046 0.216064
4.21439 0.176533
4.29702 0.121319
4.38156 0.0628281
4.45126 -0.00229645
4.51929 -0.067421
4.58183 -0.144009
4.6432 -0.22308
4.69589 -0.307426
4.74081 -0.390709
4.78012 -0.472931
4.80481 -0.57703
4.828 -0.673206
4.85033 -0.767441
4.86088 -0.862316
4.8666 -0.96389
4.86705 -1.05941
4.84147 -1.15396
4.83051 -1.24172
4.80326 -1.32217
4.77087 -1.42446
4.73104 -1.51189
4.69213 -1.59844
4.63965 -1.68262
4.58942 -1.75403
4.53685 -1.82615
4.46384 -1.90595
4.38873 -1.97293
4.31854 -2.03576
4.24474 -2.08209
4.16256 -2.12486
4.08296 -2.17034
3.99282 -2.20996
3.90775 -2.23792
3.81142 -2.26732
3.72634 -2.28621
3.6085 -2.30386
3.51056 -2.30249
3.41412 -2.30265
3.3133 -2.28749
3.22122 -2.27753
3.12228 -2.25734
3.032 -2.22386
2.9573 -2.19387
2.85341 -2.14611
2.77565 -2.08799
2.69933 -2.0333
2.62997 -1.9862
2.56744 -1.9145
2.49591 -1.84184
2.44065 -1.76576
2.38403 -1.69052
2.33915 -1.60508
2.29362 -1.52715
2.26539 -1.43633
2.23151 -1.34803
2.21336 -1.24773
2.19795 -1.16337
2.18978 -1.06667
2.18473 -0.960743
2.18923 -0.874081
2.1956 -0.777683
2.21991 -0.683769
2.24598 -0.593742
2.27745 -0.504669
2.32093 -0.400063
2.35401 -0.334068
2.41253 -0.227028
2.46299 -0.149609
2.51876 -0.0945053
2.59758 -0.0108871
2.67202 0.0515366
2.74736 0.108955
2.82526 0.159344
2.91454 0.204552
3.00031 0.252052
3.08981 0.279736
3.17799 0.296761
3.27436 0.315117
3.36432 0.335976
3.46384 0.341106
3.56725 0.351959
3.66641 0.343597
3.75736 0.333813
3.85088 0.31488
3.9507 0.290306
4.03877 0.255024
4.12493 0.212475
4.20573 0.162407
4.28856 0.102501
4.3667 0.044281
4.43905 -0.0172501
4.49952 -0.0900841
4.56108 -0.167107
4.61612 -0.249771
4.66054 -0.338627
4.69527 -0.423363
4.73624 -0.508553
4.75228 -0.600918
4.7742 -0.707859
4.78303 -0.798546
4.78753 -0.8955
4.78129 -1.00007
4.77685 -1.08169
4.75015 -1.18298
4.73094 -1.27319
4.69642 -1.35661
4.65449 -1.44315
4.61095 -1.52836
4.56611 -1.60711
4.49958 -1.68618
4.43968 -1.7735
4.36155 -1.82996
4.28102 -1.88696
4.21403 -1.93681
4.13865 -1.98943
4.05847 -2.02806
3.97457 -2.06175
3.87725 -2.08796
3.77801 -2.10147
3.68165 -2.11645
3.58292 -2.13448
3.47956 -2.14717
3.39739 -2.15845
3.28429 -2.17345
3.18546 -2.19231
3.10057 -2.21148
2.99598 -2.23001
2.90578 -2.24893
2.80563 -2.26943
2.70975 -2.29386
2.62199 -2.31458
2.50914 -2.34609
2.42474 -2.36928
2.32153 -2.40007
2.22681 -2.41795
2.14806 -2.44117
2.04081 -2.46588
1.94918 -2.47367
1.86327 -2.48131
1.79082 -2.49211
1.69713 -2.47982
1.61005 -2.46852
1.54547 -2.43631
1.46648 -2.40609
1.40972 -2.38623
1.36886 -2.3496
1.31596 -2.29752
1.26278 -2.25284
1.25262 -2.19719
1.22353 -2.14207
1.21585 -2.12729
1.22181 -2.13647
1.23189 -2.23048
1.22711 -2.32955
1.23113 -2.4322
1.23312 -2.53057
1.24073 -2.62701
1.23869 -2.72449
1.23781 -2.82256
1.23413 -2.85612
1.23128 -2.85789
1.22136 -2.85837
1.20723 -2.85824
1.20176 -2.862
1.19454 -2.861
1.1948 -2.8542
1.20637 -2.75822
1.23109 -2.66379
1.25924 -2.56686
1.29363 -2.47585
1.33092 -2.38336
1.36835 -2.30048
1.41661 -2.20963
1.45252 -2.12292
1.48444 -2.04147
1.53829 -1.95985
1.5837 -1.90604
1.66047 -1.83428
1.71858 -1.80114
1.79575 -1.75568
1.89339 -1.73119
1.99013 -1.71698
2.09231 -1.71219
2.19462 -1.71117
2.29728 -1.7083
2.39938 -1.70819
2.49979 -1.70609
2.60014 -1.70713
2.69938 -1.71132
2.80418 -1.71132
2.91667 -1.71422
3.00579 -1.71923
3.10905 -1.72227
3.21188 -1.7268
3.31728 -1.73259
3.4176 -1.74302
3.52071 -1.74986
3.61501 -1.76012
3.72073 -1.77002
3.81958 -1.77913
3.9231 -1.78899
4.02258 -1.80291
4.12182 -1.81805
4.20905 -1.83502
4.29768 -1.85294
4.37026 -1.8675
4.4348 -1.88379
4.48271 -1.90172
4.53895 -1.9008
4.60247 -1.90714
4.64998 -1.91241
4.70306 -1.90568
4.75004 -1.87539
4.81092 -1.8516
4.85905 -1.82545
4.89912 -1.78001
4.93862 -1.7384
4.97572 -1.70071
4.98942 -1.6468
5.01426 -1.60001
5.02952 -1.54078
5.02235 -1.48749
5.02691 -1.42594
5.01313 -1.38128
5.00541 -1.31986
4.98702 -1.27278
4.95898 -1.22518
4.91995 -1.1736
4.86884 -1.14669
4.80745 -1.11416
4.76493 -1.08433
4.68761 -1.07642
4.58846 -1.07787
4.49993 -1.0772
4.39418 -1.07862
4.29638 -1.08385
4.1883 -1.08879
4.09476 -1.09261
3.99267 -1.09625
3.87691 -1.10431
3.80061 -1.10966
3.70234 -1.11698
3.60344 -1.12526
3.50336 -1.12817
3.40388 -1.1358
3.29649 -1.14042
3.19846 -1.13533
3.09615 -1.13176
2.99421 -1.12299
2.89117 -1.11871
2.8088 -1.10464
2.70345 -1.08978
2.60683 -1.07368
2.50419 -1.05332
2.4091 -1.03546
2.30571 -1.01277
2.21311 -0.989792
2.11439 -0.969021
2.01149 -0.948814
1.91201 -0.92588
1.81776 -0.90554
1.71456 -0.881096
1.62823 -0.861267
1.53161 -0.83226
1.42641 -0.812916
1.31198 -0.786633
1.22297 -0.765278
1.14174 -0.74733
1.04076 -0.723503
0.981285 -0.704159
0.985962 -0.701851
0.991627 -0.702015
0.987236 -0.703259
0.985535 -0.704479
0.988228 -0.703087
0.987579 -0.699154
0.982594 -0.700077
0.98806 -0.70348
0.987701 -0.703888
0.990318 -0.704247
0.984871 -0.700718
0.990204 -0.704018
0.992867 -0.700294
0.98745 -0.700539
0.990929 -0.70237
0.990368 -0.704506
0.990955 -0.702736
0.00133133 -0.000133514
-0.00037384 0.00145721
-0.00030899 0.00150299
0.00111771 0.00258636
0.00121307 0.00149536
0.00088501 0.00122833
0.00357819 0.00325775
-0.000297546 0.0016861
0.00187302 0.00178909
-0.000961304 -2.28882e-05
0.00226593 0.00298309
-0.000114441 0.000469208
0.000709534 0.00195312
0.00223923 0.00181198
0.00167847 0.00161743
0.00191116 0.00425339
0.00259399 0.00281906
0.00164032 0.00327301
0.000946045 0.00111008
0.0020752 0.00169754
0.00230789 0.00403976
0.0559158 0.0102119
0.12019 0.0170212
0.219898 0.0357971
0.32093 0.0533867
0.421974 0.0722733
0.523651 0.0959549
0.616814 0.109081
0.713905 0.128845
0.811646 0.146088
0.908363 0.15078
1.0126 0.150005
1.108 0.14616
1.20568 0.13969
1.30229 0.136627
1.39829 0.128792
1.49133 0.125629
1.58425 0.121227
1.67529 0.116241
1.76334 0.114357
1.85541 0.113686
1.94505 0.11385
2.03391 0.118141
2.12197 0.119415
2.20961 0.128754
2.3019 0.139618
2.39855 0.150288
2.49453 0.16563
2.59724 0.180634
2.69421 0.19804
2.797 0.217659
2.8976 0.232319
2.99305 0.253948
3.08486 0.272621
3.17396 0.29118
3.25621 0.304665
3.36805 0.328266
3.46698 0.337669
3.56731 0.345512
3.66729 0.347717
3.75999 0.336586
3.85925 0.312847
3.95813 0.292267
4.04589 0.2593
4.13046 0.216064
4.21439 0.176533
4.29702 0.121319
4.38156 0.0628281
4.45126 -0.00229645
4.51929 -0.067421
4.58183 -0.144009
4.6432 -0.22308
4.69589 -0.307426
4.74081 -0.390709
4.78012 -0.472931
4.80481 -0.57703
4.828 -0.673206
4.85033 -0.767441
4.86088 -0.862316
4.8666 -0.96389
4.86705 -1.05941
4.84147 -1.15396
4.83051 -1.24172
4.80326 -1.32217
4.77087 -1.42446
4.73104 -1.51189
4.69213 -1.59844
4.63965 -1.68262
4.58942 -1.75403
4.53685 -1.82615
4.46384 -1.90595
4.38873 -1.97293
4.31854 -2.03576
4.24474 -2.08209
4.16256 -2.12486
4.08296 -2.17034
3.99282 -2.20996
3.90775 -2.23792
3.81142 -2.26732
3.72634 -2.28621
3.6085 -2.30386
3.51056 -2.30249
3.41412 -2.30265
3.3133 -2.28749
3.22122 -2.27753
3.12228 -2.25734
3.032 -2.22386
2.9573 -2.19387
2.85341 -2.14611
2.77565 -2.08799
2.69933 -2.0333
2.62997 -1.9862
2.56744 -1.9145
2.49591 -1.84184
2.44065 -1.76576
2.38403 -1.69052
2.33915 -1.60508
2.29362 -1.52715
2.26539 -1.43633
2.23151 -1.34803
2.21336 -1.24773
2.19795 -1.16337
2.18978 -1.06667
2.18473 -0.960743
2.18923 -0.874081
2.1956 -0.777683
2.21991 -0.683769
2.24598 -0.593742
2.27745 -0.504669
2.32093 -0.400063
2.35401 -0.334068
2.41253 -0.227028
2.46299 -0.149609
2.51876 -0.0945053
2.59758 -0.0108871
2.67202 0.0515366
2.74736 0.108955
2.82526 0.159344
2.91454 0.204552
3.00031 0.252052
3.08981 0.279736
3.17799 0.296761
3.27436 0.315117
3.36432 0.335976
3.46384 0.341106
3.56725 0.351959
3.66641 0.343597
3.75736 0.333813
3.85088 0.31488
3.9507 0.290306
4.03877 0.255024
4.12493 0.212475
4.20573 0.162407
4.28856 0.102501
4.3667 0.044281
4.43905 -0.0172501
4.49952 -0.0900841
4.56108 -0.167107
4.61612 -0.249771
4.66054 -0.338627
4.69527 -0.423363
4.73624 -0.508553
4.75228 -0.600918
4.7742 -0.707859
4.78303 -0.798546
4.78753 -0.8955
4.78129 -1.00007
4.77685 -1.08169
4.75015 -1.18298
4.73094 -1.27319
4.69642 -1.35661
4.65449 -1.44315
4.61095 -1.52836
4.56611 -1.60711
4.49958 -1.68618
4.43968 -1.7735
4.36155 -1.82996
4.28102 -1.88696
4.21403 -1.93681
4.13865 -1.98943
4.05847 -2.02806
3.97457 -2.06175
3.87725 -2.08796
3.77801 -2.10147
3.68165 -2.11645
3.58292 -2.13448
3.47956 -2.14717
3.39739 -2.15845
3.28429 -2.17345
3.18546 -2.19231
3.10057 -2.21148
2.99598 -2.23001
2.90578 -2.24893
2.80563 -2.26943
2.70975 -2.29386
2.62199 -2.31458
2.50914 -2.34609
2.42474 -2.36928
2.32153 -2.40007
2.22681 -2.41795
2.14806 -2.44117
2.04081 -2.46588
1.94918 -2.47367
1.86327 -2.48131
1.79082 -2.49211
1.69713 -2.47982
1.61005 -2.46852
1.54547 -2.43631
1.46648 -2.40609
1.40972 -2.38623
1.36886 -2.3496
1.31596 -2.29752
1.26278 -2.25284
1.25262 -2.19719
1.22353 -2.14207
1.21585 -2.12729
1.22181 -2.13647
1.23189 -2.23048
1.22711 -2.32955
1.23113 -2.4322
1.23312 -2.53057
1.24073 -2.62701
1.23869 -2.72449
1.23781 -2.82256
1.23413 -2.85612
1.23128 -2.85789
1.22136 -2.85837
1.20723 -2.85824
1.20176 -2.862
1.19454 -2.861
1.1948 -2.8542
1.20637 -2.75822
1.23109 -2.66379
1.25924 -2.56686
1.29363 -2.47585
1.33092 -2.38336
1.36835 -2.30048
1.41661 -2.20963
1.45252 -2.12292
1.48444 -2.04147
1.53829 -1.95985
1.5837 -1.90604
1.66047 -1.83428
1.71858 -1.80114
1.79575 -1.75568
1.89339 -1.73119
1.99013 -1.71698
2.09231 -1.71219
2.19462 -1.71117
2.29728 -1.7083
2.39938 -1.70819
2.49979 -1.70609
2.60014 -1.70713
2.69938 -1.71132
2.80418 -1.71132
2.91667 -1.71422
3.00579 -1.71923
3.10905 -1.72227
3.21188 -1.7268
3.31728 -1.73259
3.4176 -1.74302
3.52071 -1.74986
3.61501 -1.76012
3.72073 -1.77002
3.81958 -1.77913
3.9231 -1.78899
4.02258 -1.80291
4.12182 -1.81805
4.20905 -1.83502
4.29768 -1.85294
4.37026 -1.8675
4.4348 -1.88379
4.48271 -1.90172
4.53895 -1.9008
4.60247 -1.90714
4.64998 -1.91241
4.70306 -1.90568
4.75004 -1.87539
4.81092 -1.8516
4.85905 -1.82545
4.89912 -1.78001
4.93862 -1.7384
4.97572 -1.70071
4.98942 -1.6468
5.01426 -1.60001
5.02952 -1.54078
5.02235 -1.48749
5.02691 -1.42594
5.01313 -1.38128
5.00541 -1.31986
4.98702 -1.27278
4.95898 -1.22518
4.91995 -1.1736
4.86884 -1.14669
4.80745 -1.11416
4.76493 -1.08433
4.68761 -1.07642
4.58846 -1.07787
4.49993 -1.0772
4.39418 -1.07862
4.29638 -1.08385
4.1883 -1.08879
4.09476 -1.09261
3.99267 -1.09625
3.87691 -1.10431
3.80061 -1.10966
3.70234 -1.11698
3.60344 -1.12526
3.50336 -1.12817
3.40388 -1.1358
3.29649 -1.14042
3.19846 -1.13533
3.09615 -1.13176
2.99421 -1.12299
2.89117 -1.11871
2.8088 -1.10464
2.70345 -1.08978
2.60683 -1.07368
2.50419 -1.05332
2.4091 -1.03546
2.30571 -1.01277
2.21311 -0.989792
2.11439 -0.969021
2.01149 -0.948814
1.91201 -0.92588
1.81776 -0.90554
1.71456 -0.881096
1.62823 -0.861267
1.53161 -0.83226
1.42641 -0.812916
1.31198 -0.786633
1.22297 -0.765278
1.14174 -0.74733
1.04076 -0.723503
0.981285 -0.704159
0.985962 -0.701851
0.991627 -0.702015
0.987236 -0.703259
0.985535 -0.704479
0.988228 -0.703087
0.987579 -0.699154
0.982594 -0.700077
0.98806 -0.70348
0.987701 -0.703888
0.990318 -0.704247
0.984871 -0.700718
0.990204 -0.704018
0.992867 -0.700294
0.98745 -0.700539
0.990929 -0.70237
0.990368 -0.704506
0.990955 -0.702736
0.990223 -0.702641
0.989342 -0.706749
0.979652 -0.709263
0.980995 -0.706566
0.990265 -0.71125
0.992657 -0.706196
0.992973 -0.703411
0.969147 -0.707954
0.97747 -0.705498
0.994671 -0.700584
0.981422 -0.701935
0.970909 -0.706367
0.971497 -0.707649
0.972557 -0.709709
0.970928 -0.710457
0.975197 -0.710041
0.00133133 -0.000133514
-0.00037384 0.00145721
-0.00030899 0.00150299
0.00111771 0.00258636
0.00121307 0.00149536
0.00088501 0.00122833
0.00357819 0.00325775
-0.000297546 0.0016861
0.00187302 0.00178909
-0.000961304 -2.28882e-05
0.00226593 0.00298309
-0.000114441 0.000469208
0.000709534 0.00195312
0.00223923 0.00181198
0.00167847 0.00161743
0.00191116 0.00425339
0.00259399 0.00281906
0.00164032 0.00327301
0.000946045 0.00111008
0.0020752 0.00169754
0.00230789 0.00403976
0.0559158 0.0102119
0.12019 0.0170212
0.219898 0.0357971
0.32093 0.0533867
0.421974 0.0722733
0.523651 0.0959549
0.616814 0.109081
0.713905 0.128845
0.811646 0.146088
0.908363 0.15078
1.0126 0.150005
1.108 0.14616
1.20568 0.13969
1.30229 0.136627
1.39829 0.128792
1.49133 0.125629
1.58425 0.121227
1.67529 0.116241
1.76334 0.114357
1.85541 0.113686
1.94505 0.11385
2.03391 0.118141
2.12197 0.119415
2.20961 0.128754
2.3019 0.139618
2.39855 0.150288
2.49453 0.16563
2.59724 0.180634
2.69421 0.19804
2.797 0.217659
2.8976 0.232319
2.99305 0.253948
3.08486 0.272621
3.17396 0.29118
3.25621 0.304665
3.36805 0.328266
3.46698 0.337669
3.56731 0.345512
3.66729 0.347717
3.75999 0.336586
3.85925 0.312847
3.95813 0.292267
4.04589 0.2593
4.13046 0.216064
4.21439 0.176533
4.29702 0.121319
4.38156 0.0628281
4.45126 -0.00229645
4.51929 -0.067421
4.58183 -0.144009
4.6432 -0.22308
4.69589 -0.307426
4.74081 -0.390709
4.78012 -0.472931
4.80481 -0.57703
4.828 -0.673206
4.85033 -0.767441
4.86088 -0.862316
4.8666 -0.96389
4.86705 -1.05941
4.84147 -1.15396
4.83051 -1.24172
4.80326 -1.32217
4.77087 -1.42446
4.73104 -1.51189
4.69213 -1.59844
4.63965 -1.68262
4.58942 -1.75403
4.53685 -1.82615
4.46384 -1.90595
4.38873 -1.97293
4.31854 -2.03576
4.24474 -2.08209
4.16256 -2.12486
4.08296 -2.17034
3.99282 -2.20996
3.90775 -2.23792
3.81142 -2.26732
3.72634 -2.28621
3.6085 -2.30386
3.51056 -2.30249
3.41412 -2.30265
3.3133 -2.28749
3.22122 -2.27753
3.12228 -2.25734
3.032 -2.22386
2.9573 -2.19387
2.85341 -2.14611
2.77565 -2.08799
2.69933 -2.0333
2.62997 -1.9862
2.56744 -1.9145
2.49591 -1.84184
2.44065 -1.76576
2.38403 -1.69052
2.33915 -1.60508
2.29362 -1.52715
2.26539 -1.43633
2.23151 -1.34803
2.21336 -1.24773
2.19795 -1.16337
2.18978 -1.06667
2.18473 -0.960743
2.18923 -0.874081
2.1956 -0.777683
2.21991 -0.683769
2.24598 -0.593742
2.27745 -0.504669
2.32093 -0.400063
2.35401 -0.334068
2.41253 -0.227028
2.46299 -0.149609
2.51876 -0.0945053
2.59758 -0.0108871
2.67202 0.0515366
2.74736 0.108955
2.82526 0.159344
2.91454 0.204552
3.00031 0.252052
3.08981 0.279736
3.17799 0.296761
3.27436 0.315117
3.36432 0.335976
3.46384 0.341106
3.56725 0.351959
3.66641 0.343597
3.75736 0.333813
3.85088 0.31488
3.9507 0.290306
4.03877 0.255024
4.12493 0.212475
4.20573 0.162407
4.28856 0.102501
4.3667 0.044281
4.43905 -0.0172501
4.49952 -0.0900841
4.56108 -0.167107
4.61612 -0.249771
4.66054 -0.338627
4.69527 -0.423363
4.73624 -0.508553
4.75228 -0.600918
4.7742 -0.707859
4.78303 -0.798546
4.78753 -0.8955
4.78129 -1.00007
4.77685 -1.08169
4.75015 -1.18298
4.73094 -1.27319
4.69642 -1.35661
4.65449 -1.44315
4.61095 -1.52836
4.56611 -1.60711
4.49958 -1.68618
4.43968 -1.7735
4.36155 -1.82996
4.28102 -1.88696
4.21403 -1.93681
4.13865 -1.98943
4.05847 -2.02806
3.97457 -2.06175
3.87725 -2.08796
3.77801 -2.10147
3.68165 -2.11645
3.58292 -2.13448
3.47956 -2.14717
3.39739 -2.15845
3.28429 -2.17345
3.18546 -2.19231
3.10057 -2.21148
2.99598 -2.23001
2.90578 -2.24893
2.80563 -2.26943
2.70975 -2.29386
2.62199 -2.31458
2.50914 -2.34609
2.42474 -2.36928
2.32153 -2.40007
2.22681 -2.41795
2.14806 -2.44117
2.04081 -2.46588
1.94918 -2.47367
1.86327 -2.48131
1.79082 -2.49211
1.69713 -2.47982
1.61005 -2.46852
1.54547 -2.43631
1.46648 -2.40609
1.40972 -2.38623
1.36886 -2.3496
1.31596 -2.29752
1.26278 -2.25284
1.25262 -2.19719
1.22353 -2.14207
1.21585 -2.12729
1.22181 -2.13647
1.23189 -2.23048
1.22711 -2.32955
1.23113 -2.4322
1.23312 -2.53057
1.24073 -2.62701
1.23869 -2.72449
1.23781 -2.82256
1.23413 -2.85612
1.23128 -2.85789
1.22136 -2.85837
1.20723 -2.85824
1.20176 -2.862
1.19454 -2.861
1.1948 -2.8542
1.20637 -2.75822
1.23109 -2.66379
1.25924 -2.56686
1.29363 -2.47585
1.33092 -2.38336
1.36835 -2.30048
1.41661 -2.20963
1.45252 -2.12292
1.48444 -2.04147
1.53829 -1.95985
1.5837 -1.90604
1.66047 -1.83428
1.71858 -1.80114
1.79575 -1.75568
1.89339 -1.73119
1.99013 -1.71698
2.09231 -1.71219
2.19462 -1.71117
2.29728 -1.7083
2.39938 -1.70819
2.49979 -1.70609
2.60014 -1.70713
2.69938 -1.71132
2.80418 -1.71132
2.91667 -1.71422
3.00579 -1.71923
3.10905 -1.72227
3.21188 -1.7268
3.31728 -1.73259
3.4176 -1.74302
3.52071 -1.74986
3.61501 -1.76012
3.72073 -1.77002
3.81958 -1.77913
3.9231 -1.78899
4.02258 -1.80291
4.12182 -1.81805
4.20905 -1.83502
4.29768 -1.85294
4.37026 -1.8675
4.4348 -1.88379
4.48271 -1.90172
4.53895 -1.9008
4.60247 -1.90714
4.64998 -1.91241
4.70306 -1.90568
4.75004 -1.87539
4.81092 -1.8516
4.85905 -1.82545
4.89912 -1.78001
4.93862 -1.7384
4.97572 -1.70071
4.98942 -1.6468
5.01426 -1.60001
5.02952 -1.54078
5.02235 -1.48749
5.02691 -1.42594
5.01313 -1.38128
5.00541 -1.31986
4.98702 -1.27278
4.95898 -1.22518
4.91995 -1.1736
4.86884 -1.14669
4.80745 -1.11416
4.76493 -1.08433
4.68761 -1.07642
4.58846 -1.07787
4.49993 -1.0772
4.39418 -1.07862
4.29638 -1.08385
4.1883 -1.08879
4.09476 -1.09261
3.99267 -1.09625
3.87691 -1.10431
3.80061 -1.10966
3.70234 -1.11698
3.60344 -1.12526
3.50336 -1.12817
3.40388 -1.1358
3.29649 -1.14042
3.19846 -1.13533
3.09615 -1.13176
2.99421 -1.12299
2.89117 -1.11871
2.8088 -1.10464
2.70345 -1.08978
2.60683 -1.07368
2.50419 -1.05332
2.4091 -1.03546
2.30571 -1.01277
2.21311 -0.989792
2.11439 -0.969021
2.01149 -0.948814
1.91201 -0.92588
1.81776 -0.90554
1.71456 -0.881096
1.62823 -0.861267
1.53161 -0.83226
1.42641 -0.812916
1.31198 -0.786633
1.22297 -0.765278
1.14174 -0.74733
1.04076 -0.723503
0.981285 -0.704159
0.985962 -0.701851
0.991627 -0.702015
0.987236 -0.703259
0.985535 -0.704479
0.988228 -0.703087
0.987579 -0.699154
0.982594 -0.700077
0.98806 -0.70348
0.987701 -0.703888
0.990318 -0.704247
0.984871 -0.700718
0.990204 -0.704018
0.992867 -0.700294
0.98745 -0.700539
0.990929 -0.70237
0.990368 -0.704506
0.990955 -0.702736
0.990223 -0.702641
0.989342 -0.706749
0.979652 -0.709263
0.980995 -0.706566
0.990265 -0.71125
0.992657 -0.706196
0.992973 -0.703411
0.969147 -0.707954
0.97747 -0.705498
0.994671 -0.700584
0.981422 -0.701935
0.970909 -0.706367
0.971497 -0.707649
0.972557 -0.709709
0.970928 -0.710457
0.975197 -0.710041
0.986206 -0.705723
0.99276 -0.705429
0.980293 -0.703041
0.97876 -0.703114
0.979259 -0.708885
0.977886 -0.708706
0.975769 -0.707371
0.974678 -0.707287
0.967903 -0.708656
0.970783 -0.708515
0.973064 -0.707211
0.979015 -0.704689
0.98484 -0.707775
0.985729 -0.706959
0.983299 -0.710217
0.984138 -0.707237
