-0.0437192 -0.204619 0.100218 404
-0.0419386 -0.197404 0.10173 406
-0.0445883 -0.211079 0.11399 414
-0.0631679 -0.300759 0.169573 253
-0.848644 -4.06401 2.38306 362
-0.836255 -4.02804 2.44765 362
-0.818531 -3.96574 2.48875 364
-0.807442 -3.93504 2.54057 358
-0.793125 -3.88817 2.5741 338
-0.767348 -3.80682 2.62078 340
-0.731235 -3.71657 2.65039 338
-0.726193 -3.78345 2.63774 330
-0.729853 -3.85073 2.59769 350
-0.733364 -3.89391 2.57029 362
-0.742172 -3.96593 2.55179 368
-0.74833 -4.02466 2.51598 368
-0.758437 -4.10548 2.48395 372
-0.766232 -4.17474 2.43633 358
-0.0347104 -0.190359 0.106768 352
-0.0471215 -0.260133 0.139684 249
-0.0344757 -0.191589 0.0981287 404
-0.0342786 -0.191768 0.0933069 398
-0.0455386 -0.256476 0.118078 253
-0.0214694 -0.199221 0.0908289 402
-0.0231338 -0.217027 0.104538 382
-0.500214 -4.7448 2.40505 368
-0.485632 -4.65819 2.4746 368
-0.468733 -4.54719 2.52234 376
-0.455043 -4.46505 2.57621 360
-0.441643 -4.38393 2.62149 370
-0.428482 -4.30324 2.65788 374
-0.419295 -4.26098 2.70787 378
-0.406767 -4.18342 2.72648 366
-0.389739 -4.10698 2.78412 364
-0.364886 -4.04423 2.8413 366
-0.349791 -4.08842 2.80949 370
-0.348005 -4.18157 2.78111 380
-0.347658 -4.23673 2.7575 374
-0.349241 -4.31733 2.73941 370
-0.352083 -4.41615 2.72281 380
-0.352358 -4.48512 2.67671 374
-0.355037 -4.58721 2.64093 384
-0.356384 -4.67505 2.58708 376
-0.360381 -4.80078 2.54374 374
-0.361965 -4.89794 2.47572 386
-0.366071 -5.03275 2.41691 382
-0.0146302 -0.204406 0.0928932 374
-0.0316008 -5.80893 2.32764 356
-0.0240934 -5.62883 2.40465 394
-0.0171703 -5.50209 2.49408 402
-0.0104671 -5.34185 2.5586 390
-0.0041716 -5.21579 2.62922 394
0.00182691 -5.07689 2.68249 382
0.00754457 -4.96003 2.73684 378
0.0130243 -4.85849 2.78878 386
0.0184568 -4.80399 2.85823 360
0.134874 -4.98591 2.86296 386
0.145043 -5.14098 2.83781 388
0.154047 -5.24439 2.77219 392
0.164973 -5.40258 2.72465 394
0.176178 -5.55823 2.66357 382
0.187987 -5.72126 2.59482 360
0.20064 -5.89767 2.52093 360
0.21462 -6.10043 2.44591 364
0.691531 -7.22007 2.32616 336
0.678553 -6.99904 2.44256 336
0.663383 -6.76094 2.5408 344
0.650462 -6.55097 2.63784 356
0.63354 -6.30615 2.70754 346
1.02097 -7.20662 2.72226 312
1.07139 -7.49983 2.63156 330
1.12801 -7.83123 2.53749 328
1.18324 -8.14771 2.42188 268
1.89444 -9.52026 2.34858 134
0.0728837 -0.184542 -0.0152674 265
0.0510933 -0.127632 -0.0119852 265
0.0472859 -0.0122846 -0.00375931 247
0.0154459 -0.00393615 -0.00138959 245
0.00774229 -0.00193472 -0.00056022 235
0.0308772 -0.00139259 -0.00237834 233
0.000995408 -4.02564e-05 -8.68493e-05 235
-0.159583 0.60197 -0.0171404 305
-0.160983 0.604419 -0.0252607 313
-0.153854 0.57497 -0.0308998 443
-0.139666 0.519527 -0.0332587 349
-0.109917 0.405112 -0.0322994 337
-0.133727 0.48396 -0.0437721 375
-0.116703 0.414836 -0.0302519 365
-0.145884 0.513978 -0.0277372 319
-0.161898 0.567892 -0.0238483 429
-0.160152 0.559302 -0.0160124 335
-0.1661 0.577537 -0.00789385 315
-0.0726498 -0.209264 0.122228 418
-0.0635017 -0.183599 0.111511 402
-0.0677527 -0.196628 0.123737 410
-0.0843666 -0.245769 0.159703 416
-1.21698 -3.55861 2.37861 392
-1.20097 -3.52514 2.41573 388
-1.16842 -3.45581 2.46191 382
-1.12796 -3.38785 2.49846 390
-1.13321 -3.45699 2.49086 398
-1.14104 -3.50834 2.44521 378
-1.15005 -3.55002 2.42063 382
-1.16038 -3.59612 2.38983 382
-0.0628823 -0.196436 0.122715 412
-0.0650738 -0.204095 0.122961 416
-0.0746571 -0.236042 0.130808 245
